person;ccount;27784;
tag:stardog:api:tese;509;509;1,83 %
tag:stardog:api:amazonia;245;754;2,71 %
tag:stardog:api:mato_grosso;197;951;3,42 %
tag:stardog:api:porto_alegre;149;1100;3,96 %
tag:stardog:api:quilombola;144;1244;4,48 %
tag:stardog:api:maranhao;139;1383;4,98 %
tag:stardog:api:gomes;131;1514;5,45 %
tag:stardog:api:kaingang;126;1640;5,90 %
tag:stardog:api:conceicao_evaristo;116;1756;6,32 %
tag:stardog:api:mg;102;1858;6,69 %
tag:stardog:api:michel_foucault;99;1957;7,04 %
tag:stardog:api:silva;98;2055;7,40 %
tag:stardog:api:munanga;93;2148;7,73 %
tag:stardog:api:stuart_hall;87;2235;8,04 %
tag:stardog:api:santos;84;2319;8,35 %
tag:stardog:api:goias;84;2403;8,65 %
tag:stardog:api:paulo_freire;83;2486;8,95 %
tag:stardog:api:terena;83;2569;9,25 %
tag:stardog:api:dra;80;2649;9,53 %
tag:stardog:api:ba;78;2727;9,82 %
tag:stardog:api:oliveira;78;2805;10,10 %
tag:stardog:api:kaiowa;75;2880;10,37 %
tag:stardog:api:nilma_lino_gomes;74;2954;10,63 %
tag:stardog:api:lelia_gonzalez;73;3027;10,89 %
tag:stardog:api:recife;71;3098;11,15 %
tag:stardog:api:dourados;71;3169;11,41 %
tag:stardog:api:freire;70;3239;11,66 %
tag:stardog:api:rio_negro;69;3308;11,91 %
tag:stardog:api:foucault;68;3376;12,15 %
tag:stardog:api:vale;66;3442;12,39 %
tag:stardog:api:kabengele_munanga;63;3505;12,62 %
tag:stardog:api:frantz_fanon;60;3565;12,83 %
tag:stardog:api:hall;60;3625;13,05 %
tag:stardog:api:bardin;60;3685;13,26 %
tag:stardog:api:quijano;54;3739;13,46 %
tag:stardog:api:law;53;3792;13,65 %
tag:stardog:api:bourdieu;53;3845;13,84 %
tag:stardog:api:quilombo;51;3896;14,02 %
tag:stardog:api:nascimento;51;3947;14,21 %
tag:stardog:api:grada_kilomba;50;3997;14,39 %
tag:stardog:api:almeida;50;4047;14,57 %
tag:stardog:api:souza;48;4095;14,74 %
tag:stardog:api:sus;47;4142;14,91 %
tag:stardog:api:ribeiro;43;4185;15,06 %
tag:stardog:api:sao_gabriel_da_cachoeira;42;4227;15,21 %
tag:stardog:api:covid19;42;4269;15,36 %
tag:stardog:api:bell_hooks;42;4311;15,52 %
tag:stardog:api:sueli_carneiro;40;4351;15,66 %
tag:stardog:api:kalunga;38;4389;15,80 %
tag:stardog:api:angela_davis;38;4427;15,93 %
tag:stardog:api:ferreira;38;4465;16,07 %
tag:stardog:api:quilombolas;37;4502;16,20 %
tag:stardog:api:achille_mbembe;37;4539;16,34 %
tag:stardog:api:rj;37;4576;16,47 %
tag:stardog:api:fanon;37;4613;16,60 %
tag:stardog:api:pe;37;4650;16,74 %
tag:stardog:api:poisson;35;4685;16,86 %
tag:stardog:api:pierre_bourdieu;35;4720;16,99 %
tag:stardog:api:santa_maria;34;4754;17,11 %
tag:stardog:api:abdias_nascimento;34;4788;17,23 %
tag:stardog:api:escola;34;4822;17,36 %
tag:stardog:api:tupiguarani;34;4856;17,48 %
tag:stardog:api:al;33;4889;17,60 %
tag:stardog:api:xavante;33;4922;17,72 %
tag:stardog:api:joao_pessoa;33;4955;17,83 %
tag:stardog:api:geertz;33;4988;17,95 %
tag:stardog:api:djamila_ribeiro;33;5021;18,07 %
tag:stardog:api:patricia_hill_collins;33;5054;18,19 %
tag:stardog:api:pb;32;5086;18,31 %
tag:stardog:api:beatriz_nascimento;32;5118;18,42 %
tag:stardog:api:sateremawe;31;5149;18,53 %
tag:stardog:api:carneiro;31;5180;18,64 %
tag:stardog:api:anibal_quijano;30;5210;18,75 %
tag:stardog:api:sergipe;30;5240;18,86 %
tag:stardog:api:espirito_santo;29;5269;18,96 %
tag:stardog:api:franca;29;5298;19,07 %
tag:stardog:api:guarani;29;5327;19,17 %
tag:stardog:api:candomble;29;5356;19,28 %
tag:stardog:api:bororo;29;5385;19,38 %
tag:stardog:api:amapa;29;5414;19,49 %
tag:stardog:api:munduruku;28;5442;19,59 %
tag:stardog:api:gonzalez;28;5470;19,69 %
tag:stardog:api:evaristo;28;5498;19,79 %
tag:stardog:api:andre;28;5526;19,89 %
tag:stardog:api:fernandes;28;5554;19,99 %
tag:stardog:api:africana;27;5581;20,09 %
tag:stardog:api:clovis_moura;27;5608;20,18 %
tag:stardog:api:rodrigues;27;5635;20,28 %
tag:stardog:api:crenshaw;26;5661;20,38 %
tag:stardog:api:jose_de_alencar;26;5687;20,47 %
tag:stardog:api:rio;26;5713;20,56 %
tag:stardog:api:marx;26;5739;20,66 %
tag:stardog:api:carolina;26;5765;20,75 %
tag:stardog:api:bauman;26;5791;20,84 %
tag:stardog:api:gilberto_freyre;26;5817;20,94 %
tag:stardog:api:bakhtin;26;5843;21,03 %
tag:stardog:api:collins;25;5868;21,12 %
tag:stardog:api:john_manuel_monteiro;25;5893;21,21 %
tag:stardog:api:leda_maria_martins;25;5918;21,30 %
tag:stardog:api:estado_da_bahia;25;5943;21,39 %
tag:stardog:api:pesqueira;24;5967;21,48 %
tag:stardog:api:dsei;24;5991;21,56 %
tag:stardog:api:martins;24;6015;21,65 %
tag:stardog:api:uruguai;24;6039;21,74 %
tag:stardog:api:mbyaguarani;24;6063;21,82 %
tag:stardog:api:cuti;24;6087;21,91 %
tag:stardog:api:gilles_deleuze;24;6111;21,99 %
tag:stardog:api:ma;24;6135;22,08 %
tag:stardog:api:michel_de_certeau;23;6158;22,16 %
tag:stardog:api:moura;23;6181;22,25 %
tag:stardog:api:pais;23;6204;22,33 %
tag:stardog:api:duarte;23;6227;22,41 %
tag:stardog:api:axel_honneth;23;6250;22,49 %
tag:stardog:api:xukuru;23;6273;22,58 %
tag:stardog:api:milton_santos;23;6296;22,66 %
tag:stardog:api:mbya_guarani;23;6319;22,74 %
tag:stardog:api:baniwa;23;6342;22,83 %
tag:stardog:api:carolina_maria_de_jesus;23;6365;22,91 %
tag:stardog:api:muniz_sodre;23;6388;22,99 %
tag:stardog:api:silvio_almeida;23;6411;23,07 %
tag:stardog:api:bncc;23;6434;23,16 %
tag:stardog:api:carvalho;22;6456;23,24 %
tag:stardog:api:potiguara;22;6478;23,32 %
tag:stardog:api:es;22;6500;23,39 %
tag:stardog:api:paul_gilroy;22;6522;23,47 %
tag:stardog:api:guimaraes;22;6544;23,55 %
tag:stardog:api:cosson;22;6566;23,63 %
tag:stardog:api:cavalcante;22;6588;23,71 %
tag:stardog:api:quilombos;21;6609;23,79 %
tag:stardog:api:candau;21;6630;23,86 %
tag:stardog:api:piaui;21;6651;23,94 %
tag:stardog:api:indigena;21;6672;24,01 %
tag:stardog:api:machado_de_assis;21;6693;24,09 %
tag:stardog:api:alto_solimoes;21;6714;24,16 %
tag:stardog:api:abdias_do_nascimento;21;6735;24,24 %
tag:stardog:api:wich;21;6756;24,32 %
tag:stardog:api:daniel_munduruku;21;6777;24,39 %
tag:stardog:api:bosi;20;6797;24,46 %
tag:stardog:api:florestan_fernandes;20;6817;24,54 %
tag:stardog:api:orlandi;20;6837;24,61 %
tag:stardog:api:roger_chartier;20;6857;24,68 %
tag:stardog:api:angel_humberto_corbera_mori;20;6877;24,75 %
tag:stardog:api:brandao;20;6897;24,82 %
tag:stardog:api:lima_barreto;19;6916;24,89 %
tag:stardog:api:kilomba;19;6935;24,96 %
tag:stardog:api:dissertacao;19;6954;25,03 %
tag:stardog:api:ailton_krenak;19;6973;25,10 %
tag:stardog:api:davis;19;6992;25,17 %
tag:stardog:api:santo_antonio;19;7011;25,23 %
tag:stardog:api:negro;19;7030;25,30 %
tag:stardog:api:walter_mignolo;19;7049;25,37 %
tag:stardog:api:corte;19;7068;25,44 %
tag:stardog:api:boaventura_de_sousa_santos;19;7087;25,51 %
tag:stardog:api:erer;19;7106;25,58 %
tag:stardog:api:homi_bhabha;19;7125;25,64 %
tag:stardog:api:walter_benjamin;19;7144;25,71 %
tag:stardog:api:saude;19;7163;25,78 %
tag:stardog:api:santana;18;7181;25,85 %
tag:stardog:api:lucy_seki;18;7199;25,91 %
tag:stardog:api:mariana;18;7217;25,98 %
tag:stardog:api:laurence_bardin;18;7235;26,04 %
tag:stardog:api:krenak;18;7253;26,10 %
tag:stardog:api:maria;18;7271;26,17 %
tag:stardog:api:arroyo;18;7289;26,23 %
tag:stardog:api:pankararu;18;7307;26,30 %
tag:stardog:api:maria_de_jesus;18;7325;26,36 %
tag:stardog:api:mata_cavalo;18;7343;26,43 %
tag:stardog:api:terreiro;18;7361;26,49 %
tag:stardog:api:audre_lorde;17;7378;26,55 %
tag:stardog:api:instagram;17;7395;26,62 %
tag:stardog:api:macuxi;17;7412;26,68 %
tag:stardog:api:ribeira;17;7429;26,74 %
tag:stardog:api:sol;17;7446;26,80 %
tag:stardog:api:sao_pedro;17;7463;26,86 %
tag:stardog:api:vieira;17;7480;26,92 %
tag:stardog:api:nogueira;17;7497;26,98 %
tag:stardog:api:cardoso;17;7514;27,04 %
tag:stardog:api:miranda;17;7531;27,11 %
tag:stardog:api:antonio_candido;17;7548;27,17 %
tag:stardog:api:walsh;17;7565;27,23 %
tag:stardog:api:alcantara;17;7582;27,29 %
tag:stardog:api:ap;16;7598;27,35 %
tag:stardog:api:sociologia;16;7614;27,40 %
tag:stardog:api:sidney_chalhoub;16;7630;27,46 %
tag:stardog:api:silvia_hunold_lara;16;7646;27,52 %
tag:stardog:api:tukano;16;7662;27,58 %
tag:stardog:api:olinda;16;7678;27,63 %
tag:stardog:api:catherine_walsh;16;7694;27,69 %
tag:stardog:api:bento;16;7710;27,75 %
tag:stardog:api:moraes;16;7726;27,81 %
tag:stardog:api:cavalleiro;16;7742;27,86 %
tag:stardog:api:mignolo;16;7758;27,92 %
tag:stardog:api:povos_indigenas;16;7774;27,98 %
tag:stardog:api:sao_luis;16;7790;28,04 %
tag:stardog:api:funasa;16;7806;28,10 %
tag:stardog:api:yanomami;16;7822;28,15 %
tag:stardog:api:mbembe;16;7838;28,21 %
tag:stardog:api:grupioni;16;7854;28,27 %
tag:stardog:api:amazonia_legal;16;7870;28,33 %
tag:stardog:api:deleuze;16;7886;28,38 %
tag:stardog:api:zn;16;7902;28,44 %
tag:stardog:api:goncalves;16;7918;28,50 %
tag:stardog:api:ciencias_sociais;16;7934;28,56 %
tag:stardog:api:machado;15;7949;28,61 %
tag:stardog:api:marcuschi;15;7964;28,66 %
tag:stardog:api:graca_grauna;15;7979;28,72 %
tag:stardog:api:rosario;15;7994;28,77 %
tag:stardog:api:wilmar_da_rocha;15;8009;28,83 %
tag:stardog:api:aruak;15;8024;28,88 %
tag:stardog:api:pinheiro;15;8039;28,93 %
tag:stardog:api:maingueneau;15;8054;28,99 %
tag:stardog:api:darcy_ribeiro;15;8069;29,04 %
tag:stardog:api:xerente;15;8084;29,10 %
tag:stardog:api:ubatuba;15;8099;29,15 %
tag:stardog:api:toni_morrison;15;8114;29,20 %
tag:stardog:api:franz_fanon;15;8129;29,26 %
tag:stardog:api:dussel;15;8144;29,31 %
tag:stardog:api:benjamin;15;8159;29,37 %
tag:stardog:api:dr_paulo;15;8174;29,42 %
tag:stardog:api:exu;15;8189;29,47 %
tag:stardog:api:hannah_arendt;15;8204;29,53 %
tag:stardog:api:moreira;15;8219;29,58 %
tag:stardog:api:paul_ricoeur;15;8234;29,64 %
tag:stardog:api:benjamin_constant;15;8249;29,69 %
tag:stardog:api:tabatinga;15;8264;29,74 %
tag:stardog:api:pereira;15;8279;29,80 %
tag:stardog:api:xingu;15;8294;29,85 %
tag:stardog:api:pecheux;15;8309;29,91 %
tag:stardog:api:maurice_halbwachs;14;8323;29,96 %
tag:stardog:api:kayapo;14;8337;30,01 %
tag:stardog:api:serra;14;8351;30,06 %
tag:stardog:api:reconcavo_baiano;14;8365;30,11 %
tag:stardog:api:neusa_santos_souza;14;8379;30,16 %
tag:stardog:api:parkateje;14;8393;30,21 %
tag:stardog:api:angra_dos_reis;14;8407;30,26 %
tag:stardog:api:carlo_ginzburg;14;8421;30,31 %
tag:stardog:api:mikhail_bakhtin;14;8435;30,36 %
tag:stardog:api:scott;14;8449;30,41 %
tag:stardog:api:mura;14;8463;30,46 %
tag:stardog:api:eliane_potiguara;14;8477;30,51 %
tag:stardog:api:ana_maria_goncalves;14;8491;30,56 %
tag:stardog:api:felix_guattari;14;8505;30,61 %
tag:stardog:api:bhabha;14;8519;30,66 %
tag:stardog:api:alencar;14;8533;30,71 %
tag:stardog:api:costa;14;8547;30,76 %
tag:stardog:api:maher;14;8561;30,81 %
tag:stardog:api:nancy_fraser;14;8575;30,86 %
tag:stardog:api:barra;14;8589;30,91 %
tag:stardog:api:edouard_glissant;14;8603;30,96 %
tag:stardog:api:se;14;8617;31,01 %
tag:stardog:api:castainho;14;8631;31,06 %
tag:stardog:api:jesus;14;8645;31,12 %
tag:stardog:api:grosfoguel;14;8659;31,17 %
tag:stardog:api:equador;14;8673;31,22 %
tag:stardog:api:jorn_rusen;14;8687;31,27 %
tag:stardog:api:eduardo_viveiros_de_castro;14;8701;31,32 %
tag:stardog:api:minayo;13;8714;31,36 %
tag:stardog:api:pearson;13;8727;31,41 %
tag:stardog:api:enrique_dussel;13;8740;31,46 %
tag:stardog:api:vitoria_da_conquista;13;8753;31,50 %
tag:stardog:api:escrevivencia;13;8766;31,55 %
tag:stardog:api:missoes;13;8779;31,60 %
tag:stardog:api:jaguapiru;13;8792;31,64 %
tag:stardog:api:moita_lopes;13;8805;31,69 %
tag:stardog:api:monteiro_lobato;13;8818;31,74 %
tag:stardog:api:judith_butler;13;8831;31,78 %
tag:stardog:api:tecnologico;13;8844;31,83 %
tag:stardog:api:akotirene;13;8857;31,88 %
tag:stardog:api:paraty;13;8870;31,92 %
tag:stardog:api:sousa;13;8883;31,97 %
tag:stardog:api:e_p_thompson;13;8896;32,02 %
tag:stardog:api:arruti;13;8909;32,07 %
tag:stardog:api:ocidente;13;8922;32,11 %
tag:stardog:api:surui;13;8935;32,16 %
tag:stardog:api:dr_ricardo_cid_fernandes;13;8948;32,21 %
tag:stardog:api:colonialidade;13;8961;32,25 %
tag:stardog:api:hip_hop;13;8974;32,30 %
tag:stardog:api:giorgio_agamben;13;8987;32,35 %
tag:stardog:api:n;12;8999;32,39 %
tag:stardog:api:kimberle_crenshaw;12;9011;32,43 %
tag:stardog:api:solimoes;12;9023;32,48 %
tag:stardog:api:indio;12;9035;32,52 %
tag:stardog:api:schwarcz;12;9047;32,56 %
tag:stardog:api:hasenbalg;12;9059;32,61 %
tag:stardog:api:sao_carlos;12;9071;32,65 %
tag:stardog:api:kiriri;12;9083;32,69 %
tag:stardog:api:schwarzschild;12;9095;32,73 %
tag:stardog:api:sertao;12;9107;32,78 %
tag:stardog:api:rocha;12;9119;32,82 %
tag:stardog:api:jose_carlos_mariategui;12;9131;32,86 %
tag:stardog:api:woodward;12;9143;32,91 %
tag:stardog:api:freyre;12;9155;32,95 %
tag:stardog:api:viveiros_de_castro;12;9167;32,99 %
tag:stardog:api:reis;12;9179;33,04 %
tag:stardog:api:borges;12;9191;33,08 %
tag:stardog:api:soares;12;9203;33,12 %
tag:stardog:api:fredrik_barth;12;9215;33,17 %
tag:stardog:api:alves;12;9227;33,21 %
tag:stardog:api:drx;12;9239;33,25 %
tag:stardog:api:adorno;12;9251;33,30 %
tag:stardog:api:norbert_elias;12;9263;33,34 %
tag:stardog:api:maceio;12;9275;33,38 %
tag:stardog:api:arte;12;9287;33,43 %
tag:stardog:api:luciano;12;9299;33,47 %
tag:stardog:api:maldonadotorres;12;9311;33,51 %
tag:stardog:api:coracini;12;9323;33,56 %
tag:stardog:api:elias;12;9335;33,60 %
tag:stardog:api:karl_marx;12;9347;33,64 %
tag:stardog:api:macedo;12;9359;33,68 %
tag:stardog:api:aguiar;12;9371;33,73 %
tag:stardog:api:candido;12;9383;33,77 %
tag:stardog:api:clifford_geertz;12;9395;33,81 %
tag:stardog:api:provincia;11;9406;33,85 %
tag:stardog:api:ciencia;11;9417;33,89 %
tag:stardog:api:governo;11;9428;33,93 %
tag:stardog:api:domingues;11;9439;33,97 %
tag:stardog:api:spivak;11;9450;34,01 %
tag:stardog:api:ivaporunduva;11;9461;34,05 %
tag:stardog:api:decolonial;11;9472;34,09 %
tag:stardog:api:fonseca;11;9483;34,13 %
tag:stardog:api:nossa_senhora_do_rosario;11;9494;34,17 %
tag:stardog:api:zumbi;11;9505;34,21 %
tag:stardog:api:cunha;11;9516;34,25 %
tag:stardog:api:pedro_cubas;11;9527;34,29 %
tag:stardog:api:fairclough;11;9538;34,33 %
tag:stardog:api:castro;11;9549;34,37 %
tag:stardog:api:albuquerque;11;9560;34,41 %
tag:stardog:api:coelho;11;9571;34,45 %
tag:stardog:api:castilho;11;9582;34,49 %
tag:stardog:api:levistrauss;11;9593;34,53 %
tag:stardog:api:carla_akotirene;11;9604;34,57 %
tag:stardog:api:morin;11;9615;34,61 %
tag:stardog:api:cabral;11;9626;34,65 %
tag:stardog:api:smith;11;9637;34,69 %
tag:stardog:api:maria_firmina_dos_reis;11;9648;34,73 %
tag:stardog:api:canclini;11;9659;34,76 %
tag:stardog:api:freitas;11;9670;34,80 %
tag:stardog:api:pimentel_barbosa;11;9681;34,84 %
tag:stardog:api:rio_pardo;11;9692;34,88 %
tag:stardog:api:cultura;11;9703;34,92 %
tag:stardog:api:koch;11;9714;34,96 %
tag:stardog:api:zygmunt_bauman;11;9725;35,00 %
tag:stardog:api:vygotsky;11;9736;35,04 %
tag:stardog:api:michel_pecheux;11;9747;35,08 %
tag:stardog:api:aime_cesaire;11;9758;35,12 %
tag:stardog:api:queiroz;10;9768;35,16 %
tag:stardog:api:gayatri_spivak;10;9778;35,19 %
tag:stardog:api:terreiros;10;9788;35,23 %
tag:stardog:api:dambrosio;10;9798;35,26 %
tag:stardog:api:folha_de_sao_paulo;10;9808;35,30 %
tag:stardog:api:tupi;10;9818;35,34 %
tag:stardog:api:vanessa_rosemary_lea;10;9828;35,37 %
tag:stardog:api:melo;10;9838;35,41 %
tag:stardog:api:jorge_amado;10;9848;35,44 %
tag:stardog:api:cavalcanti;10;9858;35,48 %
tag:stardog:api:haesbaert;10;9868;35,52 %
tag:stardog:api:kabenguele_munanga;10;9878;35,55 %
tag:stardog:api:lisboa;10;9888;35,59 %
tag:stardog:api:ipiranga;10;9898;35,62 %
tag:stardog:api:alice_walker;10;9908;35,66 %
tag:stardog:api:profa_dra;10;9918;35,70 %
tag:stardog:api:kraho;10;9928;35,73 %
tag:stardog:api:mandira;10;9938;35,77 %
tag:stardog:api:ticuna;10;9948;35,80 %
tag:stardog:api:kanhgag;10;9958;35,84 %
tag:stardog:api:barbosa;10;9968;35,88 %
tag:stardog:api:oeste;10;9978;35,91 %
tag:stardog:api:rosana_paulino;10;9988;35,95 %
tag:stardog:api:sao_sebastiao;10;9998;35,98 %
tag:stardog:api:lelia_gonzales;10;10008;36,02 %
tag:stardog:api:guaira;10;10018;36,06 %
tag:stardog:api:paul_zumthor;10;10028;36,09 %
tag:stardog:api:guattari;10;10038;36,13 %
tag:stardog:api:louro;10;10048;36,16 %
tag:stardog:api:miriam_alves;10;10058;36,20 %
tag:stardog:api:l1;10;10068;36,24 %
tag:stardog:api:barth;10;10078;36,27 %
tag:stardog:api:t;9;10087;36,31 %
tag:stardog:api:bergamaschi;9;10096;36,34 %
tag:stardog:api:halbwachs;9;10105;36,37 %
tag:stardog:api:barcellos;9;10114;36,40 %
tag:stardog:api:nina_rodrigues;9;10123;36,43 %
tag:stardog:api:lula;9;10132;36,47 %
tag:stardog:api:bage;9;10141;36,50 %
tag:stardog:api:paulina_chiziane;9;10150;36,53 %
tag:stardog:api:cruz;9;10159;36,56 %
tag:stardog:api:adichie;9;10168;36,60 %
tag:stardog:api:sao_miguel;9;10177;36,63 %
tag:stardog:api:dolz;9;10186;36,66 %
tag:stardog:api:said;9;10195;36,69 %
tag:stardog:api:antonio_vieira;9;10204;36,73 %
tag:stardog:api:romantismo;9;10213;36,76 %
tag:stardog:api:dominique_maingueneau;9;10222;36,79 %
tag:stardog:api:kleiman;9;10231;36,82 %
tag:stardog:api:rodolfo_kusch;9;10240;36,86 %
tag:stardog:api:thompson;9;10249;36,89 %
tag:stardog:api:gohn;9;10258;36,92 %
tag:stardog:api:gil;9;10267;36,95 %
tag:stardog:api:henri_lefebvre;9;10276;36,99 %
tag:stardog:api:sao_benedito;9;10285;37,02 %
tag:stardog:api:eduardo_de_assis_duarte;9;10294;37,05 %
tag:stardog:api:educacao_infantil;9;10303;37,08 %
tag:stardog:api:jacob_gorender;9;10312;37,11 %
tag:stardog:api:andrade;9;10321;37,15 %
tag:stardog:api:mart;9;10330;37,18 %
tag:stardog:api:maria_rosa;9;10339;37,21 %
tag:stardog:api:puri;9;10348;37,24 %
tag:stardog:api:fernando_henrique_cardoso;9;10357;37,28 %
tag:stardog:api:municipal;9;10366;37,31 %
tag:stardog:api:marques;9;10375;37,34 %
tag:stardog:api:uepg;9;10384;37,37 %
tag:stardog:api:muquem;9;10393;37,41 %
tag:stardog:api:monteiro;9;10402;37,44 %
tag:stardog:api:abaetetuba;9;10411;37,47 %
tag:stardog:api:boaventura_de_souza_santos;9;10420;37,50 %
tag:stardog:api:mattos;9;10429;37,54 %
tag:stardog:api:dick;9;10438;37,57 %
tag:stardog:api:sao_joao;9;10447;37,60 %
tag:stardog:api:trindade;9;10456;37,63 %
tag:stardog:api:ponta_negra;9;10465;37,67 %
tag:stardog:api:pnsipn;9;10474;37,70 %
tag:stardog:api:butler;9;10483;37,73 %
tag:stardog:api:celia_maria_marinho_de_azevedo;9;10492;37,76 %
tag:stardog:api:garcia;9;10501;37,80 %
tag:stardog:api:gloria_anzaldua;9;10510;37,83 %
tag:stardog:api:escherichia;9;10519;37,86 %
tag:stardog:api:silvio_de_almeida;9;10528;37,89 %
tag:stardog:api:deus;9;10537;37,92 %
tag:stardog:api:macaiba;9;10546;37,96 %
tag:stardog:api:maya_angelou;9;10555;37,99 %
tag:stardog:api:nheengatu;9;10564;38,02 %
tag:stardog:api:patrimonio_cultural;8;10572;38,05 %
tag:stardog:api:sampaio;8;10580;38,08 %
tag:stardog:api:eliade;8;10588;38,11 %
tag:stardog:api:xukurukariri;8;10596;38,14 %
tag:stardog:api:kusch;8;10604;38,17 %
tag:stardog:api:karai;8;10612;38,19 %
tag:stardog:api:oxum;8;10620;38,22 %
tag:stardog:api:maria_lugones;8;10628;38,25 %
tag:stardog:api:bernd;8;10636;38,28 %
tag:stardog:api:galvao;8;10644;38,31 %
tag:stardog:api:castro_alves;8;10652;38,34 %
tag:stardog:api:nietzsche;8;10660;38,37 %
tag:stardog:api:franco;8;10668;38,40 %
tag:stardog:api:maria_beatriz_rocha_ferreira;8;10676;38,42 %
tag:stardog:api:tapajos;8;10684;38,45 %
tag:stardog:api:angela_fatima_soligo;8;10692;38,48 %
tag:stardog:api:agreste;8;10700;38,51 %
tag:stardog:api:sr;8;10708;38,54 %
tag:stardog:api:esmeralda_ribeiro;8;10716;38,57 %
tag:stardog:api:taurepang;8;10724;38,60 %
tag:stardog:api:alberti;8;10732;38,63 %
tag:stardog:api:potiguaras;8;10740;38,66 %
tag:stardog:api:manuela_carneiro_da_cunha;8;10748;38,68 %
tag:stardog:api:poncia_vicencio;8;10756;38,71 %
tag:stardog:api:gilbert_durand;8;10764;38,74 %
tag:stardog:api:irmandade;8;10772;38,77 %
tag:stardog:api:mebengokre;8;10780;38,80 %
tag:stardog:api:mendonca;8;10788;38,83 %
tag:stardog:api:levy;8;10796;38,86 %
tag:stardog:api:weber;8;10804;38,89 %
tag:stardog:api:hamel;8;10812;38,91 %
tag:stardog:api:freud;8;10820;38,94 %
tag:stardog:api:de_wild;8;10828;38,97 %
tag:stardog:api:norman_fairclough;8;10836;39,00 %
tag:stardog:api:burke;8;10844;39,03 %
tag:stardog:api:dixon;8;10852;39,06 %
tag:stardog:api:luiz_inacio_lula_da_silva;8;10860;39,09 %
tag:stardog:api:vargas;8;10868;39,12 %
tag:stardog:api:paullinia;8;10876;39,14 %
tag:stardog:api:ramon_grosfoguel;8;10884;39,17 %
tag:stardog:api:mariategui;8;10892;39,20 %
tag:stardog:api:ramkokamekra;8;10900;39,23 %
tag:stardog:api:karipuna;8;10908;39,26 %
tag:stardog:api:roberto_cardoso_de_oliveira;8;10916;39,29 %
tag:stardog:api:leite;8;10924;39,32 %
tag:stardog:api:goffman;8;10932;39,35 %
tag:stardog:api:zilberman;8;10940;39,38 %
tag:stardog:api:rio_doce;8;10948;39,40 %
tag:stardog:api:natureza;8;10956;39,43 %
tag:stardog:api:politica;8;10964;39,46 %
tag:stardog:api:veiga;8;10972;39,49 %
tag:stardog:api:pollak;8;10980;39,52 %
tag:stardog:api:yin;8;10988;39,55 %
tag:stardog:api:capoeira;8;10996;39,58 %
tag:stardog:api:prof;8;11004;39,61 %
tag:stardog:api:aristoteles;8;11012;39,63 %
tag:stardog:api:rosa;8;11020;39,66 %
tag:stardog:api:zila_bernd;8;11028;39,69 %
tag:stardog:api:m;8;11036;39,72 %
tag:stardog:api:carmo;8;11044;39,75 %
tag:stardog:api:dias;8;11052;39,78 %
tag:stardog:api:mauss;8;11060;39,81 %
tag:stardog:api:poder_publico;8;11068;39,84 %
tag:stardog:api:faustino;7;11075;39,86 %
tag:stardog:api:uv;7;11082;39,89 %
tag:stardog:api:dominique_julia;7;11089;39,91 %
tag:stardog:api:piloes;7;11096;39,94 %
tag:stardog:api:max_weber;7;11103;39,96 %
tag:stardog:api:tukey;7;11110;39,99 %
tag:stardog:api:silveira;7;11117;40,01 %
tag:stardog:api:carlos_rodrigues_brandao;7;11124;40,04 %
tag:stardog:api:campos;7;11131;40,06 %
tag:stardog:api:andre_lopes;7;11138;40,09 %
tag:stardog:api:antonio_roberto_guerreiro_junior;7;11145;40,11 %
tag:stardog:api:albert_memmi;7;11152;40,14 %
tag:stardog:api:nonoai;7;11159;40,16 %
tag:stardog:api:profa;7;11166;40,19 %
tag:stardog:api:zumbi_dos_palmares;7;11173;40,21 %
tag:stardog:api:antonio_gramsci;7;11180;40,24 %
tag:stardog:api:vila;7;11187;40,26 %
tag:stardog:api:luiza_bairros;7;11194;40,29 %
tag:stardog:api:sapatu;7;11201;40,31 %
tag:stardog:api:evo_morales;7;11208;40,34 %
tag:stardog:api:hampate_ba;7;11215;40,36 %
tag:stardog:api:antunes;7;11222;40,39 %
tag:stardog:api:politicas_publicas;7;11229;40,42 %
tag:stardog:api:curt_nimuendaju;7;11236;40,44 %
tag:stardog:api:paulo;7;11243;40,47 %
tag:stardog:api:tupi_guarani;7;11250;40,49 %
tag:stardog:api:itamatatiua;7;11257;40,52 %
tag:stardog:api:inaicyra_falcao_dos_santos;7;11264;40,54 %
tag:stardog:api:petronilha_beatriz_goncalves_e_silva;7;11271;40,57 %
tag:stardog:api:triangulo_mineiro;7;11278;40,59 %
tag:stardog:api:orixas;7;11285;40,62 %
tag:stardog:api:bolsa_familia;7;11292;40,64 %
tag:stardog:api:saffioti;7;11299;40,67 %
tag:stardog:api:ginzburg;7;11306;40,69 %
tag:stardog:api:marajo;7;11313;40,72 %
tag:stardog:api:kinikinau;7;11320;40,74 %
tag:stardog:api:paixao;7;11327;40,77 %
tag:stardog:api:chimamanda_adichie;7;11334;40,79 %
tag:stardog:api:van_dijk;7;11341;40,82 %
tag:stardog:api:justica;7;11348;40,84 %
tag:stardog:api:maria_suely_kofes;7;11355;40,87 %
tag:stardog:api:mauro_william_barbosa_de_almeida;7;11362;40,89 %
tag:stardog:api:chartier;7;11369;40,92 %
tag:stardog:api:jose;7;11376;40,94 %
tag:stardog:api:direitos_humanos;7;11383;40,97 %
tag:stardog:api:fisher;7;11390;40,99 %
tag:stardog:api:eliana_alves_cruz;7;11397;41,02 %
tag:stardog:api:ortiz;7;11404;41,05 %
tag:stardog:api:marcio_ferreira_da_silva;7;11411;41,07 %
tag:stardog:api:octavio_ianni;7;11418;41,10 %
tag:stardog:api:lei;7;11425;41,12 %
tag:stardog:api:nadia_farage;7;11432;41,15 %
tag:stardog:api:jacques_derrida;7;11439;41,17 %
tag:stardog:api:proclamacao_da_republica;7;11446;41,20 %
tag:stardog:api:tomaz_tadeu_da_silva;7;11453;41,22 %
tag:stardog:api:bias_fortes;7;11460;41,25 %
tag:stardog:api:warao;7;11467;41,27 %
tag:stardog:api:boaventura_santos;7;11474;41,30 %
tag:stardog:api:eliane_cavalleiro;7;11481;41,32 %
tag:stardog:api:joaquim_nabuco;7;11488;41,35 %
tag:stardog:api:gramsci;7;11495;41,37 %
tag:stardog:api:nunes;7;11502;41,40 %
tag:stardog:api:jurgen_habermas;7;11509;41,42 %
tag:stardog:api:taylor;7;11516;41,45 %
tag:stardog:api:araujo;7;11523;41,47 %
tag:stardog:api:patrick_charaudeau;7;11530;41,50 %
tag:stardog:api:verena_alberti;7;11537;41,52 %
tag:stardog:api:jose_mauricio_paiva_andion_arruti;7;11544;41,55 %
tag:stardog:api:alberto_guerreiro_ramos;7;11551;41,57 %
tag:stardog:api:honneth;7;11558;41,60 %
tag:stardog:api:arraias;7;11565;41,62 %
tag:stardog:api:sao_marcos;7;11572;41,65 %
tag:stardog:api:mimosa;7;11579;41,68 %
tag:stardog:api:salgueiro;7;11586;41,70 %
tag:stardog:api:dr_luiz_geraldo_silva;7;11593;41,73 %
tag:stardog:api:serge_moscovici;7;11600;41,75 %
tag:stardog:api:jorge_larrosa;7;11607;41,78 %
tag:stardog:api:paresi;7;11614;41,80 %
tag:stardog:api:lucchesi;7;11621;41,83 %
tag:stardog:api:tekoa;7;11628;41,85 %
tag:stardog:api:sodre;7;11635;41,88 %
tag:stardog:api:edward_said;7;11642;41,90 %
tag:stardog:api:willd;7;11649;41,93 %
tag:stardog:api:vitoria;7;11656;41,95 %
tag:stardog:api:ursula;7;11663;41,98 %
tag:stardog:api:rio_claro;7;11670;42,00 %
tag:stardog:api:roland_barthes;7;11677;42,03 %
tag:stardog:api:le_goff;7;11684;42,05 %
tag:stardog:api:leis;7;11691;42,08 %
tag:stardog:api:azevedo;7;11698;42,10 %
tag:stardog:api:joao_pacheco_de_oliveira;7;11705;42,13 %
tag:stardog:api:raman;7;11712;42,15 %
tag:stardog:api:mario_de_andrade;7;11719;42,18 %
tag:stardog:api:goncalves_dias;7;11726;42,20 %
tag:stardog:api:sao_jose;7;11733;42,23 %
tag:stardog:api:lopes;6;11739;42,25 %
tag:stardog:api:bolsonaro;6;11745;42,27 %
tag:stardog:api:terenas;6;11751;42,29 %
tag:stardog:api:nimuendaju;6;11757;42,32 %
tag:stardog:api:aracuai;6;11763;42,34 %
tag:stardog:api:magalhaes;6;11769;42,36 %
tag:stardog:api:conceicao;6;11775;42,38 %
tag:stardog:api:assuncao;6;11781;42,40 %
tag:stardog:api:robin_michael_wright;6;11787;42,42 %
tag:stardog:api:mata;6;11793;42,45 %
tag:stardog:api:larrosa;6;11799;42,47 %
tag:stardog:api:inga;6;11805;42,49 %
tag:stardog:api:aguas_belas;6;11811;42,51 %
tag:stardog:api:caldas;6;11817;42,53 %
tag:stardog:api:madeleine_leininger;6;11823;42,55 %
tag:stardog:api:kokama;6;11829;42,57 %
tag:stardog:api:arendt;6;11835;42,60 %
tag:stardog:api:saviani;6;11841;42,62 %
tag:stardog:api:renato_ortiz;6;11847;42,64 %
tag:stardog:api:bernard_lahire;6;11853;42,66 %
tag:stardog:api:pngati;6;11859;42,68 %
tag:stardog:api:livia_natalia;6;11865;42,70 %
tag:stardog:api:getulio_vargas;6;11871;42,73 %
tag:stardog:api:cristiane_sobral;6;11877;42,75 %
tag:stardog:api:jesse_souza;6;11883;42,77 %
tag:stardog:api:carlos_alberto_medeiros_lima;6;11889;42,79 %
tag:stardog:api:telles;6;11895;42,81 %
tag:stardog:api:walker;6;11901;42,83 %
tag:stardog:api:caboclo;6;11907;42,86 %
tag:stardog:api:moran;6;11913;42,88 %
tag:stardog:api:tore;6;11919;42,90 %
tag:stardog:api:nego_bispo;6;11925;42,92 %
tag:stardog:api:caed;6;11931;42,94 %
tag:stardog:api:ouricuri;6;11937;42,96 %
tag:stardog:api:clements;6;11943;42,99 %
tag:stardog:api:homi_k_bhabha;6;11949;43,01 %
tag:stardog:api:tenente_portela;6;11955;43,03 %
tag:stardog:api:solano_trindade;6;11961;43,05 %
tag:stardog:api:paula;6;11967;43,07 %
tag:stardog:api:d_pedro_ii;6;11973;43,09 %
tag:stardog:api:maria_firmina;6;11979;43,11 %
tag:stardog:api:viana;6;11985;43,14 %
tag:stardog:api:pombal;6;11991;43,16 %
tag:stardog:api:cotas;6;11997;43,18 %
tag:stardog:api:ball;6;12003;43,20 %
tag:stardog:api:sen;6;12009;43,22 %
tag:stardog:api:calvet;6;12015;43,24 %
tag:stardog:api:malinowski;6;12021;43,27 %
tag:stardog:api:neusa_maria_mendes_de_gusmao;6;12027;43,29 %
tag:stardog:api:aryon_dalligna_rodrigues;6;12033;43,31 %
tag:stardog:api:krikati;6;12039;43,33 %
tag:stardog:api:icana;6;12045;43,35 %
tag:stardog:api:sa;6;12051;43,37 %
tag:stardog:api:mestradouniversidade_de_brasilia;6;12057;43,40 %
tag:stardog:api:ramos;6;12063;43,42 %
tag:stardog:api:laura_perez_gil;6;12069;43,44 %
tag:stardog:api:galiazzi;6;12075;43,46 %
tag:stardog:api:rogerio_haesbaert;6;12081;43,48 %
tag:stardog:api:paiva;6;12087;43,50 %
tag:stardog:api:antigo_regime;6;12093;43,53 %
tag:stardog:api:z_indianus;6;12099;43,55 %
tag:stardog:api:adolescente;6;12105;43,57 %
tag:stardog:api:figueiredo;6;12111;43,59 %
tag:stardog:api:fischer;6;12117;43,61 %
tag:stardog:api:pnbe;6;12123;43,63 %
tag:stardog:api:davi_kopenawa;6;12129;43,65 %
tag:stardog:api:engels;6;12135;43,68 %
tag:stardog:api:edilene_coffaci_de_lima;6;12141;43,70 %
tag:stardog:api:uneb;6;12147;43,72 %
tag:stardog:api:nambikwara;6;12153;43,74 %
tag:stardog:api:ricardo_figueiredo_pirola;6;12159;43,76 %
tag:stardog:api:santos_dumont;6;12165;43,78 %
tag:stardog:api:carnaubeira_da_penha;6;12171;43,81 %
tag:stardog:api:leininger;6;12177;43,83 %
tag:stardog:api:van_leeuwen;6;12183;43,85 %
tag:stardog:api:carlos_hasenbalg;6;12189;43,87 %
tag:stardog:api:leandro_karnal;6;12195;43,89 %
tag:stardog:api:neves;6;12201;43,91 %
tag:stardog:api:barra_velha;6;12207;43,94 %
tag:stardog:api:aluisio_azevedo;6;12213;43,96 %
tag:stardog:api:farias;6;12219;43,98 %
tag:stardog:api:barros;6;12225;44,00 %
tag:stardog:api:alto_sertao_da_bahia;6;12231;44,02 %
tag:stardog:api:torres;6;12237;44,04 %
tag:stardog:api:fleuri;6;12243;44,06 %
tag:stardog:api:buscouse;6;12249;44,09 %
tag:stardog:api:merleauponty;6;12255;44,11 %
tag:stardog:api:kariri;6;12261;44,13 %
tag:stardog:api:campestris;6;12267;44,15 %
tag:stardog:api:kg;6;12273;44,17 %
tag:stardog:api:grajau;6;12279;44,19 %
tag:stardog:api:relacoes_etnicoraciais;6;12285;44,22 %
tag:stardog:api:muller;6;12291;44,24 %
tag:stardog:api:leao;6;12297;44,26 %
tag:stardog:api:einstein;6;12303;44,28 %
tag:stardog:api:adpf;6;12309;44,30 %
tag:stardog:api:black;6;12315;44,32 %
tag:stardog:api:analise_do_discurso;6;12321;44,35 %
tag:stardog:api:hutcheon;6;12327;44,37 %
tag:stardog:api:vilas;6;12333;44,39 %
tag:stardog:api:raposa_serra;6;12339;44,41 %
tag:stardog:api:chaui;6;12345;44,43 %
tag:stardog:api:ascaris;6;12351;44,45 %
tag:stardog:api:minkowski;6;12357;44,48 %
tag:stardog:api:schneuwly;6;12363;44,50 %
tag:stardog:api:rcq;6;12369;44,52 %
tag:stardog:api:melia;6;12375;44,54 %
tag:stardog:api:itu;6;12381;44,56 %
tag:stardog:api:cc;6;12387;44,58 %
tag:stardog:api:negri;6;12393;44,60 %
tag:stardog:api:linda_hutcheon;6;12399;44,63 %
tag:stardog:api:bruno_latour;6;12405;44,65 %
tag:stardog:api:eduardo_oliveira;6;12411;44,67 %
tag:stardog:api:conde;6;12417;44,69 %
tag:stardog:api:luiz_gama;6;12423;44,71 %
tag:stardog:api:mannwhitney;6;12429;44,73 %
tag:stardog:api:januaria;6;12435;44,76 %
tag:stardog:api:thiollent;6;12441;44,78 %
tag:stardog:api:tzvetan_todorov;6;12447;44,80 %
tag:stardog:api:antonio_negri;6;12453;44,82 %
tag:stardog:api:antonio_sergio_guimaraes;6;12459;44,84 %
tag:stardog:api:nhanderu;6;12465;44,86 %
tag:stardog:api:cpod;5;12470;44,88 %
tag:stardog:api:rei;5;12475;44,90 %
tag:stardog:api:macunaima;5;12480;44,92 %
tag:stardog:api:capoeira_angola;5;12485;44,94 %
tag:stardog:api:roberto_schwarz;5;12490;44,95 %
tag:stardog:api:wapixana;5;12495;44,97 %
tag:stardog:api:jarid_arraes;5;12500;44,99 %
tag:stardog:api:senzala;5;12505;45,01 %
tag:stardog:api:leda_martins;5;12510;45,03 %
tag:stardog:api:memorias;5;12515;45,04 %
tag:stardog:api:bell;5;12520;45,06 %
tag:stardog:api:evani_tavares_lima;5;12525;45,08 %
tag:stardog:api:clara_dos_anjos;5;12530;45,10 %
tag:stardog:api:xcc;5;12535;45,12 %
tag:stardog:api:k;5;12540;45,13 %
tag:stardog:api:franz_boas;5;12545;45,15 %
tag:stardog:api:lacan;5;12550;45,17 %
tag:stardog:api:georges_didihuberman;5;12555;45,19 %
tag:stardog:api:raposa;5;12560;45,21 %
tag:stardog:api:nova_esperanca;5;12565;45,22 %
tag:stardog:api:freguesia;5;12570;45,24 %
tag:stardog:api:jair_bolsonaro;5;12575;45,26 %
tag:stardog:api:sergio_buarque_de_holanda;5;12580;45,28 %
tag:stardog:api:baixada_fluminense;5;12585;45,30 %
tag:stardog:api:drp;5;12590;45,31 %
tag:stardog:api:javae;5;12595;45,33 %
tag:stardog:api:siss;5;12600;45,35 %
tag:stardog:api:i_e;5;12605;45,37 %
tag:stardog:api:edson_silva;5;12610;45,39 %
tag:stardog:api:piper;5;12615;45,40 %
tag:stardog:api:connelly;5;12620;45,42 %
tag:stardog:api:manuel_castells;5;12625;45,44 %
tag:stardog:api:pierre_clastres;5;12630;45,46 %
tag:stardog:api:metade_cara;5;12635;45,48 %
tag:stardog:api:macroje;5;12640;45,49 %
tag:stardog:api:transamazonica;5;12645;45,51 %
tag:stardog:api:monte;5;12650;45,53 %
tag:stardog:api:serra_negra;5;12655;45,55 %
tag:stardog:api:kyikateje;5;12660;45,57 %
tag:stardog:api:diana_taylor;5;12665;45,58 %
tag:stardog:api:joel_candau;5;12670;45,60 %
tag:stardog:api:maria_beatriz_nascimento;5;12675;45,62 %
tag:stardog:api:truka;5;12680;45,64 %
tag:stardog:api:nova_friburgo;5;12685;45,66 %
tag:stardog:api:morrison;5;12690;45,67 %
tag:stardog:api:elza_soares;5;12695;45,69 %
tag:stardog:api:ludke;5;12700;45,71 %
tag:stardog:api:todorov;5;12705;45,73 %
tag:stardog:api:ana_lucia_goulart_de_faria;5;12710;45,75 %
tag:stardog:api:simas;5;12715;45,76 %
tag:stardog:api:negritude;5;12720;45,78 %
tag:stardog:api:rego;5;12725;45,80 %
tag:stardog:api:karirixoco;5;12730;45,82 %
tag:stardog:api:cidinha_da_silva;5;12735;45,84 %
tag:stardog:api:wari;5;12740;45,85 %
tag:stardog:api:izabel_andrade_marson;5;12745;45,87 %
tag:stardog:api:ronald_dworkin;5;12750;45,89 %
tag:stardog:api:nestor_canclini;5;12755;45,91 %
tag:stardog:api:maraiwatsede;5;12760;45,93 %
tag:stardog:api:relacoes_raciais;5;12765;45,94 %
tag:stardog:api:john_b_thompson;5;12770;45,96 %
tag:stardog:api:fernando_antonio_lourenco;5;12775;45,98 %
tag:stardog:api:mota;5;12780;46,00 %
tag:stardog:api:defeito_de_cor;5;12785;46,02 %
tag:stardog:api:nilma_gomes;5;12790;46,03 %
tag:stardog:api:infancia;5;12795;46,05 %
tag:stardog:api:hawking;5;12800;46,07 %
tag:stardog:api:jose_do_patrocinio;5;12805;46,09 %
tag:stardog:api:paulo_freires;5;12810;46,11 %
tag:stardog:api:martin_heidegger;5;12815;46,12 %
tag:stardog:api:ochy_curiel;5;12820;46,14 %
tag:stardog:api:marshall_sahlins;5;12825;46,16 %
tag:stardog:api:kaxinawa;5;12830;46,18 %
tag:stardog:api:manoel_bomfim;5;12835;46,20 %
tag:stardog:api:dandara;5;12840;46,21 %
tag:stardog:api:hayes;5;12845;46,23 %
tag:stardog:api:poir;5;12850;46,25 %
tag:stardog:api:agnes_heller;5;12855;46,27 %
tag:stardog:api:alceste;5;12860;46,29 %
tag:stardog:api:thomason;5;12865;46,30 %
tag:stardog:api:irmandade_de_nossa_senhora_do_rosario;5;12870;46,32 %
tag:stardog:api:pierre_nora;5;12875;46,34 %
tag:stardog:api:serido;5;12880;46,36 %
tag:stardog:api:mircea_eliade;5;12885;46,38 %
tag:stardog:api:inseguranca_alimentar;5;12890;46,39 %
tag:stardog:api:sangradouro;5;12895;46,41 %
tag:stardog:api:dp;5;12900;46,43 %
tag:stardog:api:roque_moraes;5;12905;46,45 %
tag:stardog:api:arruda;5;12910;46,47 %
tag:stardog:api:saracura;5;12915;46,48 %
tag:stardog:api:bernardo_guimaraes;5;12920;46,50 %
tag:stardog:api:rojo;5;12925;46,52 %
tag:stardog:api:antonio_sergio_alfredo_guimaraes;5;12930;46,54 %
tag:stardog:api:cardoso_de_oliveira;5;12935;46,56 %
tag:stardog:api:fundao;5;12940;46,57 %
tag:stardog:api:emicida;5;12945;46,59 %
tag:stardog:api:charaudeau;5;12950;46,61 %
tag:stardog:api:ifrr;5;12955;46,63 %
tag:stardog:api:bruce_albert;5;12960;46,65 %
tag:stardog:api:filosofia_da_diferenca;5;12965;46,66 %
tag:stardog:api:bonin;5;12970;46,68 %
tag:stardog:api:jos;5;12975;46,70 %
tag:stardog:api:bauer;5;12980;46,72 %
tag:stardog:api:ana_lucia_silva_souza;5;12985;46,74 %
tag:stardog:api:maria_da_penha;5;12990;46,75 %
tag:stardog:api:anastacio;5;12995;46,77 %
tag:stardog:api:letras;5;13000;46,79 %
tag:stardog:api:edgar_morin;5;13005;46,81 %
tag:stardog:api:pedro_paulo_abreu_funari;5;13010;46,83 %
tag:stardog:api:morro;5;13015;46,84 %
tag:stardog:api:historicidades;5;13020;46,86 %
tag:stardog:api:derrida;5;13025;46,88 %
tag:stardog:api:goldsmith;5;13030;46,90 %
tag:stardog:api:sociedade;5;13035;46,92 %
tag:stardog:api:michael_pollak;5;13040;46,93 %
tag:stardog:api:valeria_milena_rohrich_ferreira;5;13045;46,95 %
tag:stardog:api:dilma_rousseff;5;13050;46,97 %
tag:stardog:api:semiarido;5;13055;46,99 %
tag:stardog:api:etenhiritipa;5;13060;47,01 %
tag:stardog:api:joseli_maria_nunes_mendonca;5;13065;47,02 %
tag:stardog:api:florentina_souza;5;13070;47,04 %
tag:stardog:api:jovchelovitch;5;13075;47,06 %
tag:stardog:api:alberto_vazquez_saa;5;13080;47,08 %
tag:stardog:api:penedo;5;13085;47,10 %
tag:stardog:api:sao_felix;5;13090;47,11 %
tag:stardog:api:quilombismo;5;13095;47,13 %
tag:stardog:api:gaston_bachelard;5;13100;47,15 %
tag:stardog:api:azadirachta;5;13105;47,17 %
tag:stardog:api:madureira;5;13110;47,19 %
tag:stardog:api:tese_de_doutorado;5;13115;47,20 %
tag:stardog:api:barthes;5;13120;47,22 %
tag:stardog:api:spinoza;5;13125;47,24 %
tag:stardog:api:gilroy;5;13130;47,26 %
tag:stardog:api:santa_barbara;5;13135;47,28 %
tag:stardog:api:bc;5;13140;47,29 %
tag:stardog:api:luiz_silva;5;13145;47,31 %
tag:stardog:api:olhos_dagua;5;13150;47,33 %
tag:stardog:api:nossa_senhora;5;13155;47,35 %
tag:stardog:api:assistentes_sociais;5;13160;47,37 %
tag:stardog:api:benedito;5;13165;47,38 %
tag:stardog:api:pedro;5;13170;47,40 %
tag:stardog:api:carmesia;5;13175;47,42 %
tag:stardog:api:casai;5;13180;47,44 %
tag:stardog:api:payne;5;13185;47,46 %
tag:stardog:api:teresina_de_goias;5;13190;47,47 %
tag:stardog:api:cidadania;5;13195;47,49 %
tag:stardog:api:xoko;5;13200;47,51 %
tag:stardog:api:divino;5;13205;47,53 %
tag:stardog:api:nelson_rodrigues;5;13210;47,55 %
tag:stardog:api:chimamanda_ngozi_adichie;5;13215;47,56 %
tag:stardog:api:lorde;5;13220;47,58 %
tag:stardog:api:analise_de_discurso;5;13225;47,60 %
tag:stardog:api:trivinos;5;13230;47,62 %
tag:stardog:api:akwexerente;5;13235;47,64 %
tag:stardog:api:grio;5;13240;47,65 %
tag:stardog:api:maria_clementina_pereira_cunha;5;13245;47,67 %
tag:stardog:api:giddens;5;13250;47,69 %
tag:stardog:api:mae;5;13255;47,71 %
tag:stardog:api:ana;5;13260;47,73 %
tag:stardog:api:bakairi;5;13265;47,74 %
tag:stardog:api:tuxa;5;13270;47,76 %
tag:stardog:api:serra_geral;5;13275;47,78 %
tag:stardog:api:agamben;5;13280;47,80 %
tag:stardog:api:neoproterozoico;5;13285;47,82 %
tag:stardog:api:oliveira_silveira;5;13290;47,83 %
tag:stardog:api:afrodescendant;5;13295;47,85 %
tag:stardog:api:carolina_dos_anjos_de_borba;5;13300;47,87 %
tag:stardog:api:ianni;5;13305;47,89 %
tag:stardog:api:pombalina;5;13310;47,91 %
tag:stardog:api:arturo_escobar;5;13315;47,92 %
tag:stardog:api:pai;5;13320;47,94 %
tag:stardog:api:f;5;13325;47,96 %
tag:stardog:api:guarana;5;13330;47,98 %
tag:stardog:api:porto_seguro;5;13335;48,00 %
tag:stardog:api:elide_rugai_bastos;5;13340;48,01 %
tag:stardog:api:luiz_rufino;5;13345;48,03 %
tag:stardog:api:michel_maffesoli;4;13349;48,05 %
tag:stardog:api:braggio;4;13353;48,06 %
tag:stardog:api:jose_lins_do_rego;4;13357;48,07 %
tag:stardog:api:eclea_bosi;4;13361;48,09 %
tag:stardog:api:alexandre_rodrigues_ferreira;4;13365;48,10 %
tag:stardog:api:michael_foucault;4;13369;48,12 %
tag:stardog:api:sitio_arruda;4;13373;48,13 %
tag:stardog:api:araripe;4;13377;48,15 %
tag:stardog:api:pl;4;13381;48,16 %
tag:stardog:api:augusto_boal;4;13385;48,18 %
tag:stardog:api:marilene_weinhardt;4;13389;48,19 %
tag:stardog:api:posto;4;13393;48,20 %
tag:stardog:api:mineiros;4;13397;48,22 %
tag:stardog:api:relatorio_figueiredo;4;13401;48,23 %
tag:stardog:api:graciliano_ramos;4;13405;48,25 %
tag:stardog:api:bartolome_de_las_casas;4;13409;48,26 %
tag:stardog:api:chiquitano;4;13413;48,28 %
tag:stardog:api:francisco_xavier_de_mendonca_furtado;4;13417;48,29 %
tag:stardog:api:covid;4;13421;48,30 %
tag:stardog:api:emilia_pietrafesa_de_godoi;4;13425;48,32 %
tag:stardog:api:klein;4;13429;48,33 %
tag:stardog:api:ifam;4;13433;48,35 %
tag:stardog:api:mesquita;4;13437;48,36 %
tag:stardog:api:habermas;4;13441;48,38 %
tag:stardog:api:henriques;4;13445;48,39 %
tag:stardog:api:gorender;4;13449;48,41 %
tag:stardog:api:lobato;4;13453;48,42 %
tag:stardog:api:xikrin;4;13457;48,43 %
tag:stardog:api:spearman;4;13461;48,45 %
tag:stardog:api:pimentel;4;13465;48,46 %
tag:stardog:api:silencio;4;13469;48,48 %
tag:stardog:api:pude;4;13473;48,49 %
tag:stardog:api:khisedje;4;13477;48,51 %
tag:stardog:api:g;4;13481;48,52 %
tag:stardog:api:hegel;4;13485;48,54 %
tag:stardog:api:maturana;4;13489;48,55 %
tag:stardog:api:vilma_piedade;4;13493;48,56 %
tag:stardog:api:dewey;4;13497;48,58 %
tag:stardog:api:coutinho;4;13501;48,59 %
tag:stardog:api:rufino;4;13505;48,61 %
tag:stardog:api:faria;4;13509;48,62 %
tag:stardog:api:monte_alegre;4;13513;48,64 %
tag:stardog:api:cordel;4;13517;48,65 %
tag:stardog:api:jambuacu;4;13521;48,66 %
tag:stardog:api:durand;4;13525;48,68 %
tag:stardog:api:schucman;4;13529;48,69 %
tag:stardog:api:carlos_fausto;4;13533;48,71 %
tag:stardog:api:manga;4;13537;48,72 %
tag:stardog:api:joseph_campbell;4;13541;48,74 %
tag:stardog:api:dayrell;4;13545;48,75 %
tag:stardog:api:davi_nunes;4;13549;48,77 %
tag:stardog:api:braganca;4;13553;48,78 %
tag:stardog:api:santiago_castrogomez;4;13557;48,79 %
tag:stardog:api:nestor_garcia_canclini;4;13561;48,81 %
tag:stardog:api:edson_kayapo;4;13565;48,82 %
tag:stardog:api:anatol_rosenfeld;4;13569;48,84 %
tag:stardog:api:bueno;4;13573;48,85 %
tag:stardog:api:arecaceae;4;13577;48,87 %
tag:stardog:api:ticunas;4;13581;48,88 %
tag:stardog:api:joyce;4;13585;48,90 %
tag:stardog:api:brejao;4;13589;48,91 %
tag:stardog:api:kalungas;4;13593;48,92 %
tag:stardog:api:xokleng;4;13597;48,94 %
tag:stardog:api:pardo;4;13601;48,95 %
tag:stardog:api:abya_yala;4;13605;48,97 %
tag:stardog:api:cd;4;13609;48,98 %
tag:stardog:api:maria_da_penha_law;4;13613;49,00 %
tag:stardog:api:durkheim;4;13617;49,01 %
tag:stardog:api:cury;4;13621;49,02 %
tag:stardog:api:pataxo_hahahae;4;13625;49,04 %
tag:stardog:api:waiwai;4;13629;49,05 %
tag:stardog:api:mel_da_pedreira;4;13633;49,07 %
tag:stardog:api:rusen;4;13637;49,08 %
tag:stardog:api:avacanoeiro;4;13641;49,10 %
tag:stardog:api:edward_palmer_thompson;4;13645;49,11 %
tag:stardog:api:michael_apple;4;13649;49,13 %
tag:stardog:api:mae_terra;4;13653;49,14 %
tag:stardog:api:talhado;4;13657;49,15 %
tag:stardog:api:delgado;4;13661;49,17 %
tag:stardog:api:kant;4;13665;49,18 %
tag:stardog:api:raffestin;4;13669;49,20 %
tag:stardog:api:ana_rita_santiago;4;13673;49,21 %
tag:stardog:api:oxala;4;13677;49,23 %
tag:stardog:api:marambaia;4;13681;49,24 %
tag:stardog:api:brejo;4;13685;49,25 %
tag:stardog:api:kerr;4;13689;49,27 %
tag:stardog:api:monica_alonso_cotta;4;13693;49,28 %
tag:stardog:api:gouveia;4;13697;49,30 %
tag:stardog:api:thiel;4;13701;49,31 %
tag:stardog:api:plano_plurianual;4;13705;49,33 %
tag:stardog:api:buieie;4;13709;49,34 %
tag:stardog:api:ozella;4;13713;49,36 %
tag:stardog:api:gadotti;4;13717;49,37 %
tag:stardog:api:braga;4;13721;49,38 %
tag:stardog:api:yudja;4;13725;49,40 %
tag:stardog:api:kaka_wera_jecupe;4;13729;49,41 %
tag:stardog:api:jurema;4;13733;49,43 %
tag:stardog:api:canela;4;13737;49,44 %
tag:stardog:api:werneck;4;13741;49,46 %
tag:stardog:api:kofa;4;13745;49,47 %
tag:stardog:api:stephen_ball;4;13749;49,49 %
tag:stardog:api:candida;4;13753;49,50 %
tag:stardog:api:gatti;4;13757;49,51 %
tag:stardog:api:raca_brasil;4;13761;49,53 %
tag:stardog:api:nos;4;13765;49,54 %
tag:stardog:api:irmandade_do_rosario;4;13769;49,56 %
tag:stardog:api:strauss;4;13773;49,57 %
tag:stardog:api:belford_roxo;4;13777;49,59 %
tag:stardog:api:kramer;4;13781;49,60 %
tag:stardog:api:xanthomonas;4;13785;49,61 %
tag:stardog:api:metade_mascara;4;13789;49,63 %
tag:stardog:api:parecis;4;13793;49,64 %
tag:stardog:api:jauss;4;13797;49,66 %
tag:stardog:api:andre_reboucas;4;13801;49,67 %
tag:stardog:api:scielo;4;13805;49,69 %
tag:stardog:api:correa;4;13809;49,70 %
tag:stardog:api:amaral;4;13813;49,72 %
tag:stardog:api:mariza_correa;4;13817;49,73 %
tag:stardog:api:forquin;4;13821;49,74 %
tag:stardog:api:arapiraca;4;13825;49,76 %
tag:stardog:api:ppcs;4;13829;49,77 %
tag:stardog:api:regressao_de_poisson;4;13833;49,79 %
tag:stardog:api:kruskalwallis;4;13837;49,80 %
tag:stardog:api:kapinawa;4;13841;49,82 %
tag:stardog:api:gallois;4;13845;49,83 %
tag:stardog:api:botelho;4;13849;49,85 %
tag:stardog:api:carnaval;4;13853;49,86 %
tag:stardog:api:carril;4;13857;49,87 %
tag:stardog:api:angel_h_corbera_mori;4;13861;49,89 %
tag:stardog:api:bogdan;4;13865;49,90 %
tag:stardog:api:olivio_jekupe;4;13869;49,92 %
tag:stardog:api:boi;4;13873;49,93 %
tag:stardog:api:surumu;4;13877;49,95 %
tag:stardog:api:jota_mombaca;4;13881;49,96 %
tag:stardog:api:boqueirao;4;13885;49,97 %
tag:stardog:api:michel_foucaults;4;13889;49,99 %
tag:stardog:api:lee_maracle;4;13893;50,00 %
tag:stardog:api:john_kingdon;4;13897;50,02 %
tag:stardog:api:cooperafloresta;4;13901;50,03 %
tag:stardog:api:mahommah_gardo_baquaqua;4;13905;50,05 %
tag:stardog:api:xavier;4;13909;50,06 %
tag:stardog:api:platao;4;13913;50,08 %
tag:stardog:api:berth;4;13917;50,09 %
tag:stardog:api:fronteira;4;13921;50,10 %
tag:stardog:api:doenca_falciforme;4;13925;50,12 %
tag:stardog:api:jouve;4;13929;50,13 %
tag:stardog:api:kehinde;4;13933;50,15 %
tag:stardog:api:marco;4;13937;50,16 %
tag:stardog:api:patrice_pavis;4;13941;50,18 %
tag:stardog:api:ferraz;4;13945;50,19 %
tag:stardog:api:charles_taylor;4;13949;50,21 %
tag:stardog:api:clandinin;4;13953;50,22 %
tag:stardog:api:marcia_wayna_kambeba;4;13957;50,23 %
tag:stardog:api:conceicao_evaristos;4;13961;50,25 %
tag:stardog:api:ava;4;13965;50,26 %
tag:stardog:api:concluo;4;13969;50,28 %
tag:stardog:api:nora;4;13973;50,29 %
tag:stardog:api:regina_aparecida_polo_muller;4;13977;50,31 %
tag:stardog:api:axe;4;13981;50,32 %
tag:stardog:api:raymond_williams;4;13985;50,33 %
tag:stardog:api:heleieth_saffioti;4;13989;50,35 %
tag:stardog:api:renata_felinto;4;13993;50,36 %
tag:stardog:api:els_lagrou;4;13997;50,38 %
tag:stardog:api:regina_zilberman;4;14001;50,39 %
tag:stardog:api:pacheco_de_oliveira;4;14005;50,41 %
tag:stardog:api:patrocinio;4;14009;50,42 %
tag:stardog:api:circe_bittencourt;4;14013;50,44 %
tag:stardog:api:lucimar_rosa_dias;4;14017;50,45 %
tag:stardog:api:afrodescendencia;4;14021;50,46 %
tag:stardog:api:araras;4;14025;50,48 %
tag:stardog:api:adriana_vaz;4;14029;50,49 %
tag:stardog:api:tania_maria_alkmim;4;14033;50,51 %
tag:stardog:api:fiorin;4;14037;50,52 %
tag:stardog:api:fraser;4;14041;50,54 %
tag:stardog:api:yawanawa;4;14045;50,55 %
tag:stardog:api:dr_lucio_tadeu_mota;4;14049;50,57 %
tag:stardog:api:joel_rufino_dos_santos;4;14053;50,58 %
tag:stardog:api:cerri;4;14057;50,59 %
tag:stardog:api:no3;4;14061;50,61 %
tag:stardog:api:keyser;4;14065;50,62 %
tag:stardog:api:ketu;4;14069;50,64 %
tag:stardog:api:jose_vicente_hallak_dangelo;4;14073;50,65 %
tag:stardog:api:kamaiura;4;14077;50,67 %
tag:stardog:api:p005;4;14081;50,68 %
tag:stardog:api:fourier;4;14085;50,69 %
tag:stardog:api:queimadas;4;14089;50,71 %
tag:stardog:api:pires;4;14093;50,72 %
tag:stardog:api:lilia_moritz_schwarcz;4;14097;50,74 %
tag:stardog:api:biderman;4;14101;50,75 %
tag:stardog:api:silvio_romero;4;14105;50,77 %
tag:stardog:api:inp;4;14109;50,78 %
tag:stardog:api:silvio_luiz_de_almeida;4;14113;50,80 %
tag:stardog:api:kanamari;4;14117;50,81 %
tag:stardog:api:gadamer;4;14121;50,82 %
tag:stardog:api:espinosa;4;14125;50,84 %
tag:stardog:api:ufrj;4;14129;50,85 %
tag:stardog:api:tenetehara;4;14133;50,87 %
tag:stardog:api:orientadora;4;14137;50,88 %
tag:stardog:api:agua;4;14141;50,90 %
tag:stardog:api:teko_arandu;4;14145;50,91 %
tag:stardog:api:marta_maria_do_amaral_azevedo;4;14149;50,92 %
tag:stardog:api:hume;4;14153;50,94 %
tag:stardog:api:lacerda;4;14157;50,95 %
tag:stardog:api:lazaro_ramos;4;14161;50,97 %
tag:stardog:api:tikmuun;4;14165;50,98 %
tag:stardog:api:mev;4;14169;51,00 %
tag:stardog:api:vansina;4;14173;51,01 %
tag:stardog:api:claudio_henrique_de_moraes_batalha;4;14177;51,03 %
tag:stardog:api:formacao_guia;4;14181;51,04 %
tag:stardog:api:lubi_prates;4;14185;51,05 %
tag:stardog:api:schmidt;4;14189;51,07 %
tag:stardog:api:paiter;4;14193;51,08 %
tag:stardog:api:dr_rodrigo_vasconcelos_machado;4;14197;51,10 %
tag:stardog:api:amado;4;14201;51,11 %
tag:stardog:api:kwata;4;14205;51,13 %
tag:stardog:api:sankofa;4;14209;51,14 %
tag:stardog:api:suely_rolnik;4;14213;51,16 %
tag:stardog:api:interseccional;4;14217;51,17 %
tag:stardog:api:dc;4;14221;51,18 %
tag:stardog:api:evidencio;4;14225;51,20 %
tag:stardog:api:denise_ferreira_da_silva;4;14229;51,21 %
tag:stardog:api:maguta;4;14233;51,23 %
tag:stardog:api:miller;4;14237;51,24 %
tag:stardog:api:neusa_santos;4;14241;51,26 %
tag:stardog:api:antonio_callado;4;14245;51,27 %
tag:stardog:api:austin;4;14249;51,28 %
tag:stardog:api:umariacu_ii;4;14253;51,30 %
tag:stardog:api:antonio_bispo_dos_santos;4;14257;51,31 %
tag:stardog:api:lajolo;4;14261;51,33 %
tag:stardog:api:comrie;4;14265;51,34 %
tag:stardog:api:algirdas_julien_greimas;4;14269;51,36 %
tag:stardog:api:caramuru;4;14273;51,37 %
tag:stardog:api:jesus_martinbarbero;4;14277;51,39 %
tag:stardog:api:oracy_nogueira;4;14281;51,40 %
tag:stardog:api:octavio_paz;4;14285;51,41 %
tag:stardog:api:giardia;4;14289;51,43 %
tag:stardog:api:dauzat;4;14293;51,44 %
tag:stardog:api:pinto;4;14297;51,46 %
tag:stardog:api:amarante;4;14301;51,47 %
tag:stardog:api:gonzales;4;14305;51,49 %
tag:stardog:api:jacques_ranciere;4;14309;51,50 %
tag:stardog:api:maria_aparecida_bento;4;14313;51,52 %
tag:stardog:api:sao_roque;4;14317;51,53 %
tag:stardog:api:batista;4;14321;51,54 %
tag:stardog:api:jatoba;4;14325;51,56 %
tag:stardog:api:marcia_kambeba;4;14329;51,57 %
tag:stardog:api:joao_ubaldo_ribeiro;4;14333;51,59 %
tag:stardog:api:teun_van_dijk;4;14337;51,60 %
tag:stardog:api:canen;4;14341;51,62 %
tag:stardog:api:oswaldo_de_camargo;4;14345;51,63 %
tag:stardog:api:pedra_branca;4;14349;51,64 %
tag:stardog:api:auwe;4;14353;51,66 %
tag:stardog:api:marin;4;14357;51,67 %
tag:stardog:api:vera_candau;4;14361;51,69 %
tag:stardog:api:senilde_alcantara_guanaes;4;14365;51,70 %
tag:stardog:api:gurinhem;4;14369;51,72 %
tag:stardog:api:neab;4;14373;51,73 %
tag:stardog:api:sarmento;4;14377;51,75 %
tag:stardog:api:celie;4;14381;51,76 %
tag:stardog:api:limao_verde;4;14385;51,77 %
tag:stardog:api:restinga_seca;4;14389;51,79 %
tag:stardog:api:nande_ru_marangatu;4;14393;51,80 %
tag:stardog:api:boa_esperanca;4;14397;51,82 %
tag:stardog:api:veiganeto;4;14401;51,83 %
tag:stardog:api:claudia_madruga_cunha;4;14405;51,85 %
tag:stardog:api:parintintin;4;14409;51,86 %
tag:stardog:api:mia_couto;4;14413;51,88 %
tag:stardog:api:schultz;4;14417;51,89 %
tag:stardog:api:kulina;4;14421;51,90 %
tag:stardog:api:foz;4;14425;51,92 %
tag:stardog:api:fernando_iikawa;3;14428;51,93 %
tag:stardog:api:parecer;3;14431;51,94 %
tag:stardog:api:hymenolepis_nana;3;14434;51,95 %
tag:stardog:api:domicio_proenca_filho;3;14437;51,96 %
tag:stardog:api:sandra_cisneros;3;14440;51,97 %
tag:stardog:api:antonio_cardoso;3;14443;51,98 %
tag:stardog:api:parkinson;3;14446;51,99 %
tag:stardog:api:agrovila;3;14449;52,00 %
tag:stardog:api:joao_pessoapb;3;14452;52,02 %
tag:stardog:api:vasconcelos;3;14455;52,03 %
tag:stardog:api:emilia_pietrafesa_de;3;14458;52,04 %
tag:stardog:api:florencio;3;14461;52,05 %
tag:stardog:api:rodrigo_camargo_de_godoi;3;14464;52,06 %
tag:stardog:api:angela_kleiman;3;14467;52,07 %
tag:stardog:api:esperanca;3;14470;52,08 %
tag:stardog:api:nubia_moreira;3;14473;52,09 %
tag:stardog:api:martino;3;14476;52,10 %
tag:stardog:api:zoro;3;14479;52,11 %
tag:stardog:api:muniz;3;14482;52,12 %
tag:stardog:api:valorizao;3;14485;52,13 %
tag:stardog:api:vinicius_baptista_da_silva;3;14488;52,15 %
tag:stardog:api:moreno;3;14491;52,16 %
tag:stardog:api:oliveira_filho;3;14494;52,17 %
tag:stardog:api:ellis;3;14497;52,18 %
tag:stardog:api:elisa_larkin_nascimento;3;14500;52,19 %
tag:stardog:api:paraiso;3;14503;52,20 %
tag:stardog:api:dr_luis_fernando_lopes_pereira;3;14506;52,21 %
tag:stardog:api:dr_carlos_alberto_medeiros_lima;3;14509;52,22 %
tag:stardog:api:chisquare;3;14512;52,23 %
tag:stardog:api:santa_clara;3;14515;52,24 %
tag:stardog:api:zona_leste;3;14518;52,25 %
tag:stardog:api:mundinha_araujo;3;14521;52,26 %
tag:stardog:api:mario_augusto_medeiros_da_silva;3;14524;52,27 %
tag:stardog:api:douglas_kellner;3;14527;52,29 %
tag:stardog:api:guarnieri;3;14530;52,30 %
tag:stardog:api:morales;3;14533;52,31 %
tag:stardog:api:kaapor;3;14536;52,32 %
tag:stardog:api:dr_renato_lopes_leite;3;14539;52,33 %
tag:stardog:api:kaufman;3;14542;52,34 %
tag:stardog:api:kellner;3;14545;52,35 %
tag:stardog:api:martinho_da_vila;3;14548;52,36 %
tag:stardog:api:pesquisa_etnografica;3;14551;52,37 %
tag:stardog:api:aldair_carlos_rodrigues;3;14554;52,38 %
tag:stardog:api:frantz_fanons;3;14557;52,39 %
tag:stardog:api:damasio;3;14560;52,40 %
tag:stardog:api:vao_de_almas;3;14563;52,42 %
tag:stardog:api:dermeval_saviani;3;14566;52,43 %
tag:stardog:api:peter_fry;3;14569;52,44 %
tag:stardog:api:maldonado;3;14572;52,45 %
tag:stardog:api:pessoa;3;14575;52,46 %
tag:stardog:api:monica_graciela_zoppifontana;3;14578;52,47 %
tag:stardog:api:reviso;3;14581;52,48 %
tag:stardog:api:silvia_federici;3;14584;52,49 %
tag:stardog:api:pepetela;3;14587;52,50 %
tag:stardog:api:x_campestris_pv;3;14590;52,51 %
tag:stardog:api:harold_bloom;3;14593;52,52 %
tag:stardog:api:autodefinir;3;14596;52,53 %
tag:stardog:api:goldstein;3;14599;52,54 %
tag:stardog:api:af2;3;14602;52,56 %
tag:stardog:api:caxias;3;14605;52,57 %
tag:stardog:api:ana_celia_silva;3;14608;52,58 %
tag:stardog:api:medeiros;3;14611;52,59 %
tag:stardog:api:gilberto_alexandre_sobrinho;3;14614;52,60 %
tag:stardog:api:philippe_lejeune;3;14617;52,61 %
tag:stardog:api:anhanguera;3;14620;52,62 %
tag:stardog:api:veloso;3;14623;52,63 %
tag:stardog:api:kame;3;14626;52,64 %
tag:stardog:api:mary_del_priore;3;14629;52,65 %
tag:stardog:api:luiz_geraldo_silva;3;14632;52,66 %
tag:stardog:api:luana_saturnino_tvardovskas;3;14635;52,67 %
tag:stardog:api:baker;3;14638;52,68 %
tag:stardog:api:kopenawa;3;14641;52,70 %
tag:stardog:api:zora_neale_hurston;3;14644;52,71 %
tag:stardog:api:cimea_barbato_bevilaqua;3;14647;52,72 %
tag:stardog:api:mann_whitney;3;14650;52,73 %
tag:stardog:api:pretendi;3;14653;52,74 %
tag:stardog:api:achile_mbembe;3;14656;52,75 %
tag:stardog:api:uasb;3;14659;52,76 %
tag:stardog:api:godoi;3;14662;52,77 %
tag:stardog:api:vicente_salles;3;14665;52,78 %
tag:stardog:api:menino_de_engenho;3;14668;52,79 %
tag:stardog:api:julie_dorrico;3;14671;52,80 %
tag:stardog:api:santome;3;14674;52,81 %
tag:stardog:api:mello;3;14677;52,83 %
tag:stardog:api:bachelard;3;14680;52,84 %
tag:stardog:api:joaquin_herrera_flores;3;14683;52,85 %
tag:stardog:api:lahire;3;14686;52,86 %
tag:stardog:api:boaventura_sousa_santos;3;14689;52,87 %
tag:stardog:api:rawls;3;14692;52,88 %
tag:stardog:api:lorentz;3;14695;52,89 %
tag:stardog:api:teresa;3;14698;52,90 %
tag:stardog:api:euripides;3;14701;52,91 %
tag:stardog:api:diretrizes;3;14704;52,92 %
tag:stardog:api:metade;3;14707;52,93 %
tag:stardog:api:xenofobia;3;14710;52,94 %
tag:stardog:api:lara;3;14713;52,95 %
tag:stardog:api:leda_maria_caira_gitahy;3;14716;52,97 %
tag:stardog:api:beauvoir;3;14719;52,98 %
tag:stardog:api:andrade_arruda;3;14722;52,99 %
tag:stardog:api:ivor_f_goodson;3;14725;53,00 %
tag:stardog:api:carne;3;14728;53,01 %
tag:stardog:api:r2;3;14731;53,02 %
tag:stardog:api:akratikateje;3;14734;53,03 %
tag:stardog:api:pensamento_decolonial;3;14737;53,04 %
tag:stardog:api:territorios_etnoeducacionais;3;14740;53,05 %
tag:stardog:api:temer;3;14743;53,06 %
tag:stardog:api:eva;3;14746;53,07 %
tag:stardog:api:curralinho;3;14749;53,08 %
tag:stardog:api:nelson;3;14752;53,10 %
tag:stardog:api:cunha_junior;3;14755;53,11 %
tag:stardog:api:marques_de_pombal;3;14758;53,12 %
tag:stardog:api:ayrson_heraclito;3;14761;53,13 %
tag:stardog:api:oyeronke_oyewumi;3;14764;53,14 %
tag:stardog:api:berta_ribeiro;3;14767;53,15 %
tag:stardog:api:anisio_teixeira;3;14770;53,16 %
tag:stardog:api:yaa_gyasi;3;14773;53,17 %
tag:stardog:api:aruanda;3;14776;53,18 %
tag:stardog:api:ile;3;14779;53,19 %
tag:stardog:api:sposito;3;14782;53,20 %
tag:stardog:api:wai_wai;3;14785;53,21 %
tag:stardog:api:antonio_candeia_filho;3;14788;53,22 %
tag:stardog:api:greiner;3;14791;53,24 %
tag:stardog:api:cohen;3;14794;53,25 %
tag:stardog:api:yamy;3;14797;53,26 %
tag:stardog:api:molina;3;14800;53,27 %
tag:stardog:api:raimundo_nina_rodrigues;3;14803;53,28 %
tag:stardog:api:solano;3;14806;53,29 %
tag:stardog:api:vargem_grande;3;14809;53,30 %
tag:stardog:api:presentificam;3;14812;53,31 %
tag:stardog:api:dois_irmaos;3;14815;53,32 %
tag:stardog:api:wilma_peres_costa;3;14818;53,33 %
tag:stardog:api:george_floyd;3;14821;53,34 %
tag:stardog:api:cellard;3;14824;53,35 %
tag:stardog:api:nandeva;3;14827;53,37 %
tag:stardog:api:pera;3;14830;53,38 %
tag:stardog:api:examino;3;14833;53,39 %
tag:stardog:api:paiter_surui;3;14836;53,40 %
tag:stardog:api:regina_dalcastagne;3;14839;53,41 %
tag:stardog:api:michele_sato;3;14842;53,42 %
tag:stardog:api:sao_bento;3;14845;53,43 %
tag:stardog:api:maria_aparecida_bergamaschi;3;14848;53,44 %
tag:stardog:api:ftd;3;14851;53,45 %
tag:stardog:api:cabaceiras;3;14854;53,46 %
tag:stardog:api:olivenca;3;14857;53,47 %
tag:stardog:api:amarelao;3;14860;53,48 %
tag:stardog:api:acao_afirmativa;3;14863;53,49 %
tag:stardog:api:chris;3;14866;53,51 %
tag:stardog:api:avtar_brah;3;14869;53,52 %
tag:stardog:api:governo_estadual;3;14872;53,53 %
tag:stardog:api:elisa_lucinda;3;14875;53,54 %
tag:stardog:api:spreng;3;14878;53,55 %
tag:stardog:api:ciampa;3;14881;53,56 %
tag:stardog:api:di;3;14884;53,57 %
tag:stardog:api:tekoa_koenju;3;14887;53,58 %
tag:stardog:api:contextualiza;3;14890;53,59 %
tag:stardog:api:sitio_alto;3;14893;53,60 %
tag:stardog:api:guillermo_raul_ruben;3;14896;53,61 %
tag:stardog:api:sociais;3;14899;53,62 %
tag:stardog:api:james_baldwin;3;14902;53,64 %
tag:stardog:api:silva_jardim;3;14905;53,65 %
tag:stardog:api:ricardo_cid_fernandes;3;14908;53,66 %
tag:stardog:api:bortoniricardo;3;14911;53,67 %
tag:stardog:api:camilo;3;14914;53,68 %
tag:stardog:api:acosta;3;14917;53,69 %
tag:stardog:api:ramose;3;14920;53,70 %
tag:stardog:api:ebenezer;3;14923;53,71 %
tag:stardog:api:raca;3;14926;53,72 %
tag:stardog:api:kathryn_woodward;3;14929;53,73 %
tag:stardog:api:denys_cuche;3;14932;53,74 %
tag:stardog:api:x_campestris;3;14935;53,75 %
tag:stardog:api:skidmore;3;14938;53,76 %
tag:stardog:api:albert;3;14941;53,78 %
tag:stardog:api:nox;3;14944;53,79 %
tag:stardog:api:eja;3;14947;53,80 %
tag:stardog:api:louk_hulsman;3;14950;53,81 %
tag:stardog:api:hans_staden;3;14953;53,82 %
tag:stardog:api:ana_lucia_souza;3;14956;53,83 %
tag:stardog:api:heller;3;14959;53,84 %
tag:stardog:api:principe;3;14962;53,85 %
tag:stardog:api:aparecida_de_goianiago;3;14965;53,86 %
tag:stardog:api:coffaci_de_lima;3;14968;53,87 %
tag:stardog:api:vicente_eudes_lemos_alves;3;14971;53,88 %
tag:stardog:api:nilda_alves;3;14974;53,89 %
tag:stardog:api:brejo_dos_crioulos;3;14977;53,91 %
tag:stardog:api:zno;3;14980;53,92 %
tag:stardog:api:moscovici;3;14983;53,93 %
tag:stardog:api:ongs;3;14986;53,94 %
tag:stardog:api:serrinha;3;14989;53,95 %
tag:stardog:api:primo;3;14992;53,96 %
tag:stardog:api:angel_rama;3;14995;53,97 %
tag:stardog:api:hale;3;14998;53,98 %
tag:stardog:api:joel_zito_araujo;3;15001;53,99 %
tag:stardog:api:piacaguera;3;15004;54,00 %
tag:stardog:api:carlos;3;15007;54,01 %
tag:stardog:api:cida_bento;3;15010;54,02 %
tag:stardog:api:petri;3;15013;54,03 %
tag:stardog:api:pesquisa_de_campo;3;15016;54,05 %
tag:stardog:api:tava;3;15019;54,06 %
tag:stardog:api:spencer;3;15022;54,07 %
tag:stardog:api:cruz_alta;3;15025;54,08 %
tag:stardog:api:spike_lee;3;15028;54,09 %
tag:stardog:api:emmanuel_levinas;3;15031;54,10 %
tag:stardog:api:jacques_le_goff;3;15034;54,11 %
tag:stardog:api:escreviver;3;15037;54,12 %
tag:stardog:api:ldb;3;15040;54,13 %
tag:stardog:api:pitaguary;3;15043;54,14 %
tag:stardog:api:galibi;3;15046;54,15 %
tag:stardog:api:sidh;3;15049;54,16 %
tag:stardog:api:allan_da_rosa;3;15052;54,18 %
tag:stardog:api:mendonca_furtado;3;15055;54,19 %
tag:stardog:api:possenti;3;15058;54,20 %
tag:stardog:api:guacira_lopes_louro;3;15061;54,21 %
tag:stardog:api:branco;3;15064;54,22 %
tag:stardog:api:gianfrancesco_guarnieri;3;15067;54,23 %
tag:stardog:api:problematiza;3;15070;54,24 %
tag:stardog:api:isildinha_baptista_nogueira;3;15073;54,25 %
tag:stardog:api:discursividades;3;15076;54,26 %
tag:stardog:api:foucaultiano;3;15079;54,27 %
tag:stardog:api:rosario_gregolin;3;15082;54,28 %
tag:stardog:api:maturaca;3;15085;54,29 %
tag:stardog:api:isabel_allende;3;15088;54,30 %
tag:stardog:api:glissant;3;15091;54,32 %
tag:stardog:api:lauro_sodre;3;15094;54,33 %
tag:stardog:api:amossy;3;15097;54,34 %
tag:stardog:api:th;3;15100;54,35 %
tag:stardog:api:hermann_von_ihering;3;15103;54,36 %
tag:stardog:api:roger_bastide;3;15106;54,37 %
tag:stardog:api:hayden_white;3;15109;54,38 %
tag:stardog:api:bem;3;15112;54,39 %
tag:stardog:api:navio_negreiro;3;15115;54,40 %
tag:stardog:api:odara;3;15118;54,41 %
tag:stardog:api:reginaldo;3;15121;54,42 %
tag:stardog:api:oxisol;3;15124;54,43 %
tag:stardog:api:cox;3;15127;54,45 %
tag:stardog:api:ubiratan_dambrosio;3;15130;54,46 %
tag:stardog:api:bro_mcs;3;15133;54,47 %
tag:stardog:api:xukuru_de_ororuba;3;15136;54,48 %
tag:stardog:api:evidenciam;3;15139;54,49 %
tag:stardog:api:ifemelu;3;15142;54,50 %
tag:stardog:api:xeta;3;15145;54,51 %
tag:stardog:api:casa_grande;3;15148;54,52 %
tag:stardog:api:tavares;3;15151;54,53 %
tag:stardog:api:lippia_alba;3;15154;54,54 %
tag:stardog:api:aubl;3;15157;54,55 %
tag:stardog:api:diaspora_negra;3;15160;54,56 %
tag:stardog:api:alfred_gell;3;15163;54,57 %
tag:stardog:api:skliar;3;15166;54,59 %
tag:stardog:api:aperfeioamento_de_pessoal_de_nvel_superior;3;15169;54,60 %
tag:stardog:api:joao_jose_reis;3;15172;54,61 %
tag:stardog:api:ausubel;3;15175;54,62 %
tag:stardog:api:kalanko;3;15178;54,63 %
tag:stardog:api:william_shakespeare;3;15181;54,64 %
tag:stardog:api:vidal;3;15184;54,65 %
tag:stardog:api:negris;3;15187;54,66 %
tag:stardog:api:carl_gustav_jung;3;15190;54,67 %
tag:stardog:api:harriet_beecher_stowe;3;15193;54,68 %
tag:stardog:api:ernesta_zamboni;3;15196;54,69 %
tag:stardog:api:lakoff;3;15199;54,70 %
tag:stardog:api:rui_barbosa;3;15202;54,71 %
tag:stardog:api:munim;3;15205;54,73 %
tag:stardog:api:perelman;3;15208;54,74 %
tag:stardog:api:matis;3;15211;54,75 %
tag:stardog:api:ro;3;15214;54,76 %
tag:stardog:api:cortes;3;15217;54,77 %
tag:stardog:api:geledes;3;15220;54,78 %
tag:stardog:api:terezinha_de_jesus_machado_maher;3;15223;54,79 %
tag:stardog:api:cascudo;3;15226;54,80 %
tag:stardog:api:theodor_kochgrunberg;3;15229;54,81 %
tag:stardog:api:giroux;3;15232;54,82 %
tag:stardog:api:viola_spolin;3;15235;54,83 %
tag:stardog:api:boaventura;3;15238;54,84 %
tag:stardog:api:homem;3;15241;54,86 %
tag:stardog:api:josue_pereira_da_silva;3;15244;54,87 %
tag:stardog:api:castells;3;15247;54,88 %
tag:stardog:api:d_jose_i;3;15250;54,89 %
tag:stardog:api:maria_ines_de_almeida;3;15253;54,90 %
tag:stardog:api:paula_candido;3;15256;54,91 %
tag:stardog:api:paul_thompson;3;15259;54,92 %
tag:stardog:api:nei_lopes;3;15262;54,93 %
tag:stardog:api:marcelo_siqueira_ridenti;3;15265;54,94 %
tag:stardog:api:werekena;3;15268;54,95 %
tag:stardog:api:tubino;3;15271;54,96 %
tag:stardog:api:duque_de_caxias;3;15274;54,97 %
tag:stardog:api:silverio;3;15277;54,98 %
tag:stardog:api:paulo_vinicius_baptista_da_silva;3;15280;55,00 %
tag:stardog:api:simoes_filho;3;15283;55,01 %
tag:stardog:api:monarquia;3;15286;55,02 %
tag:stardog:api:francisco_bethencourt;3;15289;55,03 %
tag:stardog:api:nolasco;3;15292;55,04 %
tag:stardog:api:boaventura_souza_santos;3;15295;55,05 %
tag:stardog:api:bronckart;3;15298;55,06 %
tag:stardog:api:sebastiani_ferreira;3;15301;55,07 %
tag:stardog:api:chomsky;3;15304;55,08 %
tag:stardog:api:sigatoka;3;15307;55,09 %
tag:stardog:api:alessandra_teixeira;3;15310;55,10 %
tag:stardog:api:ipanema;3;15313;55,11 %
tag:stardog:api:dubar;3;15316;55,13 %
tag:stardog:api:jeanpaul_sartre;3;15319;55,14 %
tag:stardog:api:cimbres;3;15322;55,15 %
tag:stardog:api:certeau;3;15325;55,16 %
tag:stardog:api:disertacao;3;15328;55,17 %
tag:stardog:api:jacarezinho;3;15331;55,18 %
tag:stardog:api:lauraceae;3;15334;55,19 %
tag:stardog:api:esclarecido;3;15337;55,20 %
tag:stardog:api:laranjeira_nanderu;3;15340;55,21 %
tag:stardog:api:claudia;3;15343;55,22 %
tag:stardog:api:bom_jesus;3;15346;55,23 %
tag:stardog:api:scholes;3;15349;55,24 %
tag:stardog:api:david_brookshaw;3;15352;55,25 %
tag:stardog:api:ara;3;15355;55,27 %
tag:stardog:api:coordenao;3;15358;55,28 %
tag:stardog:api:campos_novos;3;15361;55,29 %
tag:stardog:api:maia;3;15364;55,30 %
tag:stardog:api:cotas_raciais;3;15367;55,31 %
tag:stardog:api:pedagogias_culturais;3;15370;55,32 %
tag:stardog:api:independence;3;15373;55,33 %
tag:stardog:api:vania_rocha_fialho_de_paiva;3;15376;55,34 %
tag:stardog:api:lilia_schwarcz;3;15379;55,35 %
tag:stardog:api:yekuana;3;15382;55,36 %
tag:stardog:api:aranha;3;15385;55,37 %
tag:stardog:api:carlos_castaneda;3;15388;55,38 %
tag:stardog:api:black_sigatoka;3;15391;55,40 %
tag:stardog:api:leontiev;3;15394;55,41 %
tag:stardog:api:guato;3;15397;55,42 %
tag:stardog:api:nelson_maldonadotorres;3;15400;55,43 %
tag:stardog:api:biografia;3;15403;55,44 %
tag:stardog:api:deni;3;15406;55,45 %
tag:stardog:api:omar_ribeiro_thomaz;3;15409;55,46 %
tag:stardog:api:vls;3;15412;55,47 %
tag:stardog:api:martius;3;15415;55,48 %
tag:stardog:api:povo;3;15418;55,49 %
tag:stardog:api:the_raposa_serra;3;15421;55,50 %
tag:stardog:api:cear;3;15424;55,51 %
tag:stardog:api:xucurukariri;3;15427;55,52 %
tag:stardog:api:john_rawls;3;15430;55,54 %
tag:stardog:api:matilde_ribeiro;3;15433;55,55 %
tag:stardog:api:reginaldo_prandi;3;15436;55,56 %
tag:stardog:api:wright;3;15439;55,57 %
tag:stardog:api:associacao_quilombola;3;15442;55,58 %
tag:stardog:api:santidade;3;15445;55,59 %
tag:stardog:api:roberto_conduru;3;15448;55,60 %
tag:stardog:api:petronilha_silva;3;15451;55,61 %
tag:stardog:api:tardif;3;15454;55,62 %
tag:stardog:api:mawe;3;15457;55,63 %
tag:stardog:api:vogel;3;15460;55,64 %
tag:stardog:api:giovanni_levi;3;15463;55,65 %
tag:stardog:api:moises;3;15466;55,67 %
tag:stardog:api:serrana;3;15469;55,68 %
tag:stardog:api:trichuris;3;15472;55,69 %
tag:stardog:api:prado;3;15475;55,70 %
tag:stardog:api:observei;3;15478;55,71 %
tag:stardog:api:miguel_arroyo;3;15481;55,72 %
tag:stardog:api:aline_vieira_de_carvalho;3;15484;55,73 %
tag:stardog:api:negra;3;15487;55,74 %
tag:stardog:api:mina;3;15490;55,75 %
tag:stardog:api:characiformes;3;15493;55,76 %
tag:stardog:api:mary;3;15496;55,77 %
tag:stardog:api:neuza_santos_souza;3;15499;55,78 %
tag:stardog:api:antonio_joao;3;15502;55,79 %
tag:stardog:api:povos;3;15505;55,81 %
tag:stardog:api:adilson_moreira;3;15508;55,82 %
tag:stardog:api:jose_lins;3;15511;55,83 %
tag:stardog:api:rio_araguari;3;15514;55,84 %
tag:stardog:api:leonor_arfuch;3;15517;55,85 %
tag:stardog:api:mangifera;3;15520;55,86 %
tag:stardog:api:cai;3;15523;55,87 %
tag:stardog:api:sao_miguel_arcanjo;3;15526;55,88 %
tag:stardog:api:charlotte_galves;3;15529;55,89 %
tag:stardog:api:nhandereko;3;15532;55,90 %
tag:stardog:api:capela;3;15535;55,91 %
tag:stardog:api:hospicio;3;15538;55,92 %
tag:stardog:api:pankara;3;15541;55,94 %
tag:stardog:api:da_silva;3;15544;55,95 %
tag:stardog:api:anjos;3;15547;55,96 %
tag:stardog:api:mulher_negra;3;15550;55,97 %
tag:stardog:api:populacao_negra;3;15553;55,98 %
tag:stardog:api:convolvulaceae;3;15556;55,99 %
tag:stardog:api:toponymy;3;15559;56,00 %
tag:stardog:api:li;3;15562;56,01 %
tag:stardog:api:barro;3;15565;56,02 %
tag:stardog:api:diario;3;15568;56,03 %
tag:stardog:api:rosemberg;3;15571;56,04 %
tag:stardog:api:candeia;3;15574;56,05 %
tag:stardog:api:erwin_panofsky;3;15577;56,06 %
tag:stardog:api:sigatoka_negra;3;15580;56,08 %
tag:stardog:api:alessandro_portelli;3;15583;56,09 %
tag:stardog:api:samba;3;15586;56,10 %
tag:stardog:api:hapmap;3;15589;56,11 %
tag:stardog:api:sorbilis;3;15592;56,12 %
tag:stardog:api:jurema_werneck;3;15595;56,13 %
tag:stardog:api:pau_darco;3;15598;56,14 %
tag:stardog:api:eduardo_guimaraes;3;15601;56,15 %
tag:stardog:api:aids;3;15604;56,16 %
tag:stardog:api:toxoplasma_gondii;3;15607;56,17 %
tag:stardog:api:mituacu;3;15610;56,18 %
tag:stardog:api:caxiri;3;15613;56,19 %
tag:stardog:api:juan_francisco_manzano;3;15616;56,21 %
tag:stardog:api:souto;3;15619;56,22 %
tag:stardog:api:bare;3;15622;56,23 %
tag:stardog:api:natalina;3;15625;56,24 %
tag:stardog:api:the_lei_aurea;3;15628;56,25 %
tag:stardog:api:schutze;3;15631;56,26 %
tag:stardog:api:joao_pessoa__pb;3;15634;56,27 %
tag:stardog:api:baiocchi;3;15637;56,28 %
tag:stardog:api:tim_ingold;3;15640;56,29 %
tag:stardog:api:david_kopenawa;3;15643;56,30 %
tag:stardog:api:lado;3;15646;56,31 %
tag:stardog:api:vigotski;3;15649;56,32 %
tag:stardog:api:vilson_tonin;3;15652;56,33 %
tag:stardog:api:inaicyra_falcao;3;15655;56,35 %
tag:stardog:api:joice_berth;3;15658;56,36 %
tag:stardog:api:petronio_domingues;3;15661;56,37 %
tag:stardog:api:simone_de_beauvoir;3;15664;56,38 %
tag:stardog:api:sao_joao_batista;3;15667;56,39 %
tag:stardog:api:terry_eagleton;3;15670;56,40 %
tag:stardog:api:jean_baptiste_debret;3;15673;56,41 %
tag:stardog:api:langmuir;3;15676;56,42 %
tag:stardog:api:medeia;3;15679;56,43 %
tag:stardog:api:tereza_de_benguela;3;15682;56,44 %
tag:stardog:api:marilena_chaui;3;15685;56,45 %
tag:stardog:api:ac;3;15688;56,46 %
tag:stardog:api:zeichner;3;15691;56,47 %
tag:stardog:api:guaja;3;15694;56,49 %
tag:stardog:api:erving_goffman;3;15697;56,50 %
tag:stardog:api:brown;3;15700;56,51 %
tag:stardog:api:p_falciparum;3;15703;56,52 %
tag:stardog:api:redonda;3;15706;56,53 %
tag:stardog:api:paragrafo_unico;3;15709;56,54 %
tag:stardog:api:rama;3;15712;56,55 %
tag:stardog:api:joao;3;15715;56,56 %
tag:stardog:api:moxoto;3;15718;56,57 %
tag:stardog:api:ile_aiye;3;15721;56,58 %
tag:stardog:api:olhos;3;15724;56,59 %
tag:stardog:api:maria_bernadete_marques_abaurre;3;15727;56,60 %
tag:stardog:api:guarulhos;3;15730;56,62 %
tag:stardog:api:virginia_leone_bicudo;3;15733;56,63 %
tag:stardog:api:concluise;3;15736;56,64 %
tag:stardog:api:fulni;3;15739;56,65 %
tag:stardog:api:mito;3;15742;56,66 %
tag:stardog:api:ifa;3;15745;56,67 %
tag:stardog:api:jean_piaget;3;15748;56,68 %
tag:stardog:api:tadeu_da_silva;3;15751;56,69 %
tag:stardog:api:maria_gabriela_llansol;3;15754;56,70 %
tag:stardog:api:ana_maria_machado;3;15757;56,71 %
tag:stardog:api:dl;3;15760;56,72 %
tag:stardog:api:latour;3;15763;56,73 %
tag:stardog:api:asante;3;15766;56,74 %
tag:stardog:api:croton;3;15769;56,76 %
tag:stardog:api:historiografia;3;15772;56,77 %
tag:stardog:api:janice_thiel;3;15775;56,78 %
tag:stardog:api:saquarema;3;15778;56,79 %
tag:stardog:api:amar;3;15781;56,80 %
tag:stardog:api:noverraz;3;15784;56,81 %
tag:stardog:api:perrot;3;15787;56,82 %
tag:stardog:api:joaquim_manuel_de_macedo;3;15790;56,83 %
tag:stardog:api:damiana;3;15793;56,84 %
tag:stardog:api:hymes;3;15796;56,85 %
tag:stardog:api:goncalves_de_magalhaes;3;15799;56,86 %
tag:stardog:api:betty_mindlin;3;15802;56,87 %
tag:stardog:api:sape;3;15805;56,89 %
tag:stardog:api:alfredo_bosi;3;15808;56,90 %
tag:stardog:api:a_escrava_isaura;3;15811;56,91 %
tag:stardog:api:heywood;3;15814;56,92 %
tag:stardog:api:rildo_cosson;3;15817;56,93 %
tag:stardog:api:mandacaru;3;15820;56,94 %
tag:stardog:api:avaguarani;3;15823;56,95 %
tag:stardog:api:jurua;3;15826;56,96 %
tag:stardog:api:satere_mawe;3;15829;56,97 %
tag:stardog:api:escobar;3;15832;56,98 %
tag:stardog:api:maria_aparecida_silva_bento;3;15835;56,99 %
tag:stardog:api:no;3;15838;57,00 %
tag:stardog:api:menendez;3;15841;57,01 %
tag:stardog:api:stam;3;15844;57,03 %
tag:stardog:api:luiz_beltrao;3;15847;57,04 %
tag:stardog:api:white;3;15850;57,05 %
tag:stardog:api:sidnei_nogueira;3;15853;57,06 %
tag:stardog:api:bruno_de_menezes;3;15856;57,07 %
tag:stardog:api:alexandre;3;15859;57,08 %
tag:stardog:api:lugones;3;15862;57,09 %
tag:stardog:api:nelson_mandela;3;15865;57,10 %
tag:stardog:api:hardt;3;15868;57,11 %
tag:stardog:api:caldart;3;15871;57,12 %
tag:stardog:api:elisa;3;15874;57,13 %
tag:stardog:api:geni_guimaraes;3;15877;57,14 %
tag:stardog:api:edgardo_lander;3;15880;57,16 %
tag:stardog:api:sao_domingos;3;15883;57,17 %
tag:stardog:api:jose_luiz_dos_santos;3;15886;57,18 %
tag:stardog:api:cruz_e_sousa;3;15889;57,19 %
tag:stardog:api:agostinho;3;15892;57,20 %
tag:stardog:api:oswaldo_cruz;3;15895;57,21 %
tag:stardog:api:jose_ricardo_barbosa_goncalves;3;15898;57,22 %
tag:stardog:api:edison_carneiro;3;15901;57,23 %
tag:stardog:api:claude_levistrauss;3;15904;57,24 %
tag:stardog:api:lia_schucman;3;15907;57,25 %
tag:stardog:api:pardos;3;15910;57,26 %
tag:stardog:api:couto;3;15913;57,27 %
tag:stardog:api:direitos_sociais;3;15916;57,28 %
tag:stardog:api:yaguare_yama;3;15919;57,30 %
tag:stardog:api:abric;3;15922;57,31 %
tag:stardog:api:paumari;3;15925;57,32 %
tag:stardog:api:dr_marcos_silva_da_silveira;3;15928;57,33 %
tag:stardog:api:memoria;3;15931;57,34 %
tag:stardog:api:sandra_haydee_petit;3;15934;57,35 %
tag:stardog:api:jose_jobson;3;15937;57,36 %
tag:stardog:api:julio_emilio_braz;3;15940;57,37 %
tag:stardog:api:textes;3;15943;57,38 %
tag:stardog:api:afranio_coutinho;3;15946;57,39 %
tag:stardog:api:kwatalaranjal;3;15949;57,40 %
tag:stardog:api:bernardo;3;15952;57,41 %
tag:stardog:api:sandra_pesavento;3;15955;57,43 %
tag:stardog:api:baldwin;3;15958;57,44 %
tag:stardog:api:nadir_nobrega;3;15961;57,45 %
tag:stardog:api:anderson;3;15964;57,46 %
tag:stardog:api:cambambi;3;15967;57,47 %
tag:stardog:api:tikuna;3;15970;57,48 %
tag:stardog:api:reexist;3;15973;57,49 %
tag:stardog:api:assman;3;15976;57,50 %
tag:stardog:api:fernando_antonio_novais;3;15979;57,51 %
tag:stardog:api:crq;3;15982;57,52 %
tag:stardog:api:pet;3;15985;57,53 %
tag:stardog:api:lagares;3;15988;57,54 %
tag:stardog:api:ferro;3;15991;57,55 %
tag:stardog:api:chiquitanos;3;15994;57,57 %
tag:stardog:api:dr_clovis_antonio_brighenti;3;15997;57,58 %
tag:stardog:api:josso;3;16000;57,59 %
tag:stardog:api:il4;3;16003;57,60 %
tag:stardog:api:vincent_carelli;3;16006;57,61 %
tag:stardog:api:adi;3;16009;57,62 %
tag:stardog:api:kruskal_wallis;3;16012;57,63 %
tag:stardog:api:alfredo_veiganeto;3;16015;57,64 %
tag:stardog:api:bordieu;3;16018;57,65 %
tag:stardog:api:caio_prado_junior;3;16021;57,66 %
tag:stardog:api:claudia_andujar;3;16024;57,67 %
tag:stardog:api:lu;3;16027;57,68 %
tag:stardog:api:kaigang;3;16030;57,70 %
tag:stardog:api:jose_de_souza_martins;3;16033;57,71 %
tag:stardog:api:jacques_gauthier;2;16035;57,71 %
tag:stardog:api:herrera_flores;2;16037;57,72 %
tag:stardog:api:na;2;16039;57,73 %
tag:stardog:api:pedro_rodolfo_bode_de_moraes;2;16041;57,73 %
tag:stardog:api:aries;2;16043;57,74 %
tag:stardog:api:ng;2;16045;57,75 %
tag:stardog:api:akroa;2;16047;57,76 %
tag:stardog:api:alessandro_baratta;2;16049;57,76 %
tag:stardog:api:kenski;2;16051;57,77 %
tag:stardog:api:artivismo_indigena;2;16053;57,78 %
tag:stardog:api:malunguinho;2;16055;57,79 %
tag:stardog:api:konrad_koerner;2;16057;57,79 %
tag:stardog:api:terezinha_boschilia;2;16059;57,80 %
tag:stardog:api:hipotese;2;16061;57,81 %
tag:stardog:api:boris_kossoy;2;16063;57,81 %
tag:stardog:api:lee;2;16065;57,82 %
tag:stardog:api:leal;2;16067;57,83 %
tag:stardog:api:kaes;2;16069;57,84 %
tag:stardog:api:aldeia_gaviao_kyikateje;2;16071;57,84 %
tag:stardog:api:cuia;2;16073;57,85 %
tag:stardog:api:amarilha;2;16075;57,86 %
tag:stardog:api:maria_bonita;2;16077;57,86 %
tag:stardog:api:balandier;2;16079;57,87 %
tag:stardog:api:salles;2;16081;57,88 %
tag:stardog:api:jose_hernandez;2;16083;57,89 %
tag:stardog:api:huni_kui;2;16085;57,89 %
tag:stardog:api:pamaali;2;16087;57,90 %
tag:stardog:api:joyce_fernandes;2;16089;57,91 %
tag:stardog:api:roem;2;16091;57,91 %
tag:stardog:api:porto_coris;2;16093;57,92 %
tag:stardog:api:gymnotiformes;2;16095;57,93 %
tag:stardog:api:sabino_e_lody;2;16097;57,94 %
tag:stardog:api:tintin;2;16099;57,94 %
tag:stardog:api:gelsa_knijnik;2;16101;57,95 %
tag:stardog:api:curculionidae;2;16103;57,96 %
tag:stardog:api:bidens;2;16105;57,97 %
tag:stardog:api:c_gattii;2;16107;57,97 %
tag:stardog:api:taracua;2;16109;57,98 %
tag:stardog:api:pijao;2;16111;57,99 %
tag:stardog:api:chica_da_silva;2;16113;57,99 %
tag:stardog:api:silvia_cusicanqui;2;16115;58,00 %
tag:stardog:api:eric_landowski;2;16117;58,01 %
tag:stardog:api:lia_vainer_schucman;2;16119;58,02 %
tag:stardog:api:kiusam_de_oliveira;2;16121;58,02 %
tag:stardog:api:robert_yin;2;16123;58,03 %
tag:stardog:api:vasconcellos;2;16125;58,04 %
tag:stardog:api:jeanpierre_sarrazac;2;16127;58,04 %
tag:stardog:api:ana_flauzina;2;16129;58,05 %
tag:stardog:api:davila;2;16131;58,06 %
tag:stardog:api:lutzomyia_longipalpis;2;16133;58,07 %
tag:stardog:api:sousasantos;2;16135;58,07 %
tag:stardog:api:diop;2;16137;58,08 %
tag:stardog:api:abdelmalek_sayad;2;16139;58,09 %
tag:stardog:api:marcio_bilharinho_naves;2;16141;58,09 %
tag:stardog:api:anne_phillips;2;16143;58,10 %
tag:stardog:api:niketche;2;16145;58,11 %
tag:stardog:api:dasipe;2;16147;58,12 %
tag:stardog:api:ethnicracial;2;16149;58,12 %
tag:stardog:api:pc1;2;16151;58,13 %
tag:stardog:api:perseguir;2;16153;58,14 %
tag:stardog:api:pedra_dagua;2;16155;58,14 %
tag:stardog:api:gayatri_chakravorty_spivak;2;16157;58,15 %
tag:stardog:api:napoleao_figueiredo;2;16159;58,16 %
tag:stardog:api:exotopia;2;16161;58,17 %
tag:stardog:api:prossigo;2;16163;58,17 %
tag:stardog:api:gueren;2;16165;58,18 %
tag:stardog:api:nambiquara;2;16167;58,19 %
tag:stardog:api:jabuti;2;16169;58,20 %
tag:stardog:api:pecado;2;16171;58,20 %
tag:stardog:api:mlst;2;16173;58,21 %
tag:stardog:api:kara;2;16175;58,22 %
tag:stardog:api:sahlins;2;16177;58,22 %
tag:stardog:api:juliana_marcondes_bussolotti;2;16179;58,23 %
tag:stardog:api:camilo_castelo_branco;2;16181;58,24 %
tag:stardog:api:mark_twain;2;16183;58,25 %
tag:stardog:api:clayish;2;16185;58,25 %
tag:stardog:api:conrad;2;16187;58,26 %
tag:stardog:api:susana_cabrera;2;16189;58,27 %
tag:stardog:api:herval;2;16191;58,27 %
tag:stardog:api:pike;2;16193;58,28 %
tag:stardog:api:princesa_isabel;2;16195;58,29 %
tag:stardog:api:rafael_leonidas_trujillo;2;16197;58,30 %
tag:stardog:api:lino;2;16199;58,30 %
tag:stardog:api:jones;2;16201;58,31 %
tag:stardog:api:stella_virginia_telles_de_araujo_pereira;2;16203;58,32 %
tag:stardog:api:tq;2;16205;58,32 %
tag:stardog:api:mare;2;16207;58,33 %
tag:stardog:api:capo;2;16209;58,34 %
tag:stardog:api:thrity_umrigar;2;16211;58,35 %
tag:stardog:api:roncarati;2;16213;58,35 %
tag:stardog:api:tete;2;16215;58,36 %
tag:stardog:api:pedro_maximo_de_lima;2;16217;58,37 %
tag:stardog:api:tassinari;2;16219;58,38 %
tag:stardog:api:p_fijiensis;2;16221;58,38 %
tag:stardog:api:minha;2;16223;58,39 %
tag:stardog:api:mycosphaerella_fijiensis;2;16225;58,40 %
tag:stardog:api:ruiz;2;16227;58,40 %
tag:stardog:api:sangram;2;16229;58,41 %
tag:stardog:api:wade_nobles;2;16231;58,42 %
tag:stardog:api:jarara;2;16233;58,43 %
tag:stardog:api:engenhos;2;16235;58,43 %
tag:stardog:api:eugenia;2;16237;58,44 %
tag:stardog:api:calcio;2;16239;58,45 %
tag:stardog:api:pcns;2;16241;58,45 %
tag:stardog:api:hunt;2;16243;58,46 %
tag:stardog:api:zika;2;16245;58,47 %
tag:stardog:api:sal;2;16247;58,48 %
tag:stardog:api:papanicolau;2;16249;58,48 %
tag:stardog:api:pinturas_i;2;16251;58,49 %
tag:stardog:api:paul_harroharring;2;16253;58,50 %
tag:stardog:api:lucie_olbrechtstyteca;2;16255;58,50 %
tag:stardog:api:dzubukua;2;16257;58,51 %
tag:stardog:api:mariana_cortez;2;16259;58,52 %
tag:stardog:api:hdl;2;16261;58,53 %
tag:stardog:api:walter_ong;2;16263;58,53 %
tag:stardog:api:sole;2;16265;58,54 %
tag:stardog:api:isquerdo;2;16267;58,55 %
tag:stardog:api:antonella_tassinari;2;16269;58,56 %
tag:stardog:api:maria_trindade;2;16271;58,56 %
tag:stardog:api:francisco_adolfo_de_varnhagen;2;16273;58,57 %
tag:stardog:api:teto;2;16275;58,58 %
tag:stardog:api:heckman;2;16277;58,58 %
tag:stardog:api:militao_augusto_de_azevedo;2;16279;58,59 %
tag:stardog:api:sheila_elias_de_oliveira;2;16281;58,60 %
tag:stardog:api:fornetbetancourt;2;16283;58,61 %
tag:stardog:api:hansgeorg_gadamer;2;16285;58,61 %
tag:stardog:api:intragenero;2;16287;58,62 %
tag:stardog:api:gilberto_gil;2;16289;58,63 %
tag:stardog:api:dr_claudio_luis_de_camargo_penteado;2;16291;58,63 %
tag:stardog:api:marcos_cardoso;2;16293;58,64 %
tag:stardog:api:cpp;2;16295;58,65 %
tag:stardog:api:katamba;2;16297;58,66 %
tag:stardog:api:luiz_marfuz;2;16299;58,66 %
tag:stardog:api:nelly_novaes_coelho;2;16301;58,67 %
tag:stardog:api:lais_silveira_fraga;2;16303;58,68 %
tag:stardog:api:manuel_querino;2;16305;58,68 %
tag:stardog:api:ana_elisa_de_castro_freitas;2;16307;58,69 %
tag:stardog:api:gerald_vizenor;2;16309;58,70 %
tag:stardog:api:debora_mazza;2;16311;58,71 %
tag:stardog:api:zea;2;16313;58,71 %
tag:stardog:api:jaime;2;16315;58,72 %
tag:stardog:api:tekoa_pyau;2;16317;58,73 %
tag:stardog:api:cacique_doble;2;16319;58,74 %
tag:stardog:api:gupioni;2;16321;58,74 %
tag:stardog:api:francisco_noa;2;16323;58,75 %
tag:stardog:api:sumak_kawsay;2;16325;58,76 %
tag:stardog:api:maria_dolores_sosin_rodriguez;2;16327;58,76 %
tag:stardog:api:marcelo_dsalete;2;16329;58,77 %
tag:stardog:api:vargas_llosa;2;16331;58,78 %
tag:stardog:api:campinarana;2;16333;58,79 %
tag:stardog:api:i;2;16335;58,79 %
tag:stardog:api:virginius;2;16337;58,80 %
tag:stardog:api:imbiral_cabecabranca;2;16339;58,81 %
tag:stardog:api:grilo;2;16341;58,81 %
tag:stardog:api:tedesco;2;16343;58,82 %
tag:stardog:api:irmandade_de_sao_benedito;2;16345;58,83 %
tag:stardog:api:dom_joao;2;16347;58,84 %
tag:stardog:api:covs;2;16349;58,84 %
tag:stardog:api:lesbophobia;2;16351;58,85 %
tag:stardog:api:marilyn_strathern;2;16353;58,86 %
tag:stardog:api:perpassa;2;16355;58,86 %
tag:stardog:api:bayeux;2;16357;58,87 %
tag:stardog:api:mirv;2;16359;58,88 %
tag:stardog:api:dean;2;16361;58,89 %
tag:stardog:api:adct;2;16363;58,89 %
tag:stardog:api:ferrarezi_junior;2;16365;58,90 %
tag:stardog:api:bezerros;2;16367;58,91 %
tag:stardog:api:sociologia_da_infancia;2;16369;58,92 %
tag:stardog:api:matias;2;16371;58,92 %
tag:stardog:api:george_marcus;2;16373;58,93 %
tag:stardog:api:pesquisa_qualitativa;2;16375;58,94 %
tag:stardog:api:seculo_xvi;2;16377;58,94 %
tag:stardog:api:profa_dra_laura_perez_gil;2;16379;58,95 %
tag:stardog:api:isildinha_nogueira;2;16381;58,96 %
tag:stardog:api:andrea_levy;2;16383;58,97 %
tag:stardog:api:policia;2;16385;58,97 %
tag:stardog:api:cruz_da_menina;2;16387;58,98 %
tag:stardog:api:lepr;2;16389;58,99 %
tag:stardog:api:stranskikrastanov;2;16391;58,99 %
tag:stardog:api:aurea;2;16393;59,00 %
tag:stardog:api:walquiria_gertrudes_domingues_leao_rego;2;16395;59,01 %
tag:stardog:api:versamos;2;16397;59,02 %
tag:stardog:api:umbandas;2;16399;59,02 %
tag:stardog:api:coroado;2;16401;59,03 %
tag:stardog:api:zago;2;16403;59,04 %
tag:stardog:api:adelia_sampaio;2;16405;59,04 %
tag:stardog:api:torem;2;16407;59,05 %
tag:stardog:api:gabriel_tarde;2;16409;59,06 %
tag:stardog:api:t_merianae;2;16411;59,07 %
tag:stardog:api:dr_miguel_bahl;2;16413;59,07 %
tag:stardog:api:problematizei;2;16415;59,08 %
tag:stardog:api:mario_andreazza;2;16417;59,09 %
tag:stardog:api:sao_sebastiao_da_boa_vista;2;16419;59,10 %
tag:stardog:api:slash;2;16421;59,10 %
tag:stardog:api:guerreiro_ramos;2;16423;59,11 %
tag:stardog:api:arissana_pataxo;2;16425;59,12 %
tag:stardog:api:barao_de_antonina;2;16427;59,12 %
tag:stardog:api:norteada;2;16429;59,13 %
tag:stardog:api:h2o2;2;16431;59,14 %
tag:stardog:api:schinus;2;16433;59,15 %
tag:stardog:api:bauhinia;2;16435;59,15 %
tag:stardog:api:amido_black;2;16437;59,16 %
tag:stardog:api:nova_olinda;2;16439;59,17 %
tag:stardog:api:joaquim_francisco_lopes;2;16441;59,17 %
tag:stardog:api:alfredo_boulos_junior;2;16443;59,18 %
tag:stardog:api:raddi;2;16445;59,19 %
tag:stardog:api:p_vivax;2;16447;59,20 %
tag:stardog:api:luiz_felipe_de_alencastro;2;16449;59,20 %
tag:stardog:api:pauline_breedlove;2;16451;59,21 %
tag:stardog:api:istvan_meszaros;2;16453;59,22 %
tag:stardog:api:octavia_butler;2;16455;59,22 %
tag:stardog:api:del_priore;2;16457;59,23 %
tag:stardog:api:karuazu;2;16459;59,24 %
tag:stardog:api:cordel_literature;2;16461;59,25 %
tag:stardog:api:hommi_bhabha;2;16463;59,25 %
tag:stardog:api:dr_gerson_galo_ledezma_meneses;2;16465;59,26 %
tag:stardog:api:pedro_ii;2;16467;59,27 %
tag:stardog:api:transversalizar;2;16469;59,28 %
tag:stardog:api:protecao_fraterna;2;16471;59,28 %
tag:stardog:api:design;2;16473;59,29 %
tag:stardog:api:zoom;2;16475;59,30 %
tag:stardog:api:goethe;2;16477;59,30 %
tag:stardog:api:antenor_firmin;2;16479;59,31 %
tag:stardog:api:tom_regan;2;16481;59,32 %
tag:stardog:api:lia_minapoty;2;16483;59,33 %
tag:stardog:api:ella_shohat;2;16485;59,33 %
tag:stardog:api:francis_vanoye;2;16487;59,34 %
tag:stardog:api:jose_luis_sanfelice;2;16489;59,35 %
tag:stardog:api:eduardo_santos_neumann;2;16491;59,35 %
tag:stardog:api:homi_babha;2;16493;59,36 %
tag:stardog:api:andre_chervel;2;16495;59,37 %
tag:stardog:api:pedra;2;16497;59,38 %
tag:stardog:api:cod;2;16499;59,38 %
tag:stardog:api:jorge_benci;2;16501;59,39 %
tag:stardog:api:tomo;2;16503;59,40 %
tag:stardog:api:rodovia;2;16505;59,40 %
tag:stardog:api:j;2;16507;59,41 %
tag:stardog:api:gamboa;2;16509;59,42 %
tag:stardog:api:seki;2;16511;59,43 %
tag:stardog:api:cmpus_amajari;2;16513;59,43 %
tag:stardog:api:santaella;2;16515;59,44 %
tag:stardog:api:jamary;2;16517;59,45 %
tag:stardog:api:artivismo;2;16519;59,46 %
tag:stardog:api:engl;2;16521;59,46 %
tag:stardog:api:lins;2;16523;59,47 %
tag:stardog:api:thula_pires;2;16525;59,48 %
tag:stardog:api:aratu;2;16527;59,48 %
tag:stardog:api:portelli;2;16529;59,49 %
tag:stardog:api:riaf;2;16531;59,50 %
tag:stardog:api:marisa_lajolo;2;16533;59,51 %
tag:stardog:api:mar;2;16535;59,51 %
tag:stardog:api:dr_eduardo_henrique_diniz_de_figueiredo;2;16537;59,52 %
tag:stardog:api:andreotti;2;16539;59,53 %
tag:stardog:api:olga_rodrigues_de_moraes_von_simson;2;16541;59,53 %
tag:stardog:api:sabato_magaldi;2;16543;59,54 %
tag:stardog:api:cecilia_meireles;2;16545;59,55 %
tag:stardog:api:inhacora;2;16547;59,56 %
tag:stardog:api:ellsworth;2;16549;59,56 %
tag:stardog:api:marau;2;16551;59,57 %
tag:stardog:api:allen;2;16553;59,58 %
tag:stardog:api:doreen_massey;2;16555;59,58 %
tag:stardog:api:jefferson_cano;2;16557;59,59 %
tag:stardog:api:bobbi_lee;2;16559;59,60 %
tag:stardog:api:jung;2;16561;59,61 %
tag:stardog:api:acucena;2;16563;59,61 %
tag:stardog:api:marco_temporal;2;16565;59,62 %
tag:stardog:api:voicep;2;16567;59,63 %
tag:stardog:api:olney;2;16569;59,64 %
tag:stardog:api:volta_redonda;2;16571;59,64 %
tag:stardog:api:ramirez;2;16573;59,65 %
tag:stardog:api:james_joyce;2;16575;59,66 %
tag:stardog:api:amanda_julieta_souza_de_jesus;2;16577;59,66 %
tag:stardog:api:afrocentrado;2;16579;59,67 %
tag:stardog:api:paul_tillich;2;16581;59,68 %
tag:stardog:api:kamaka;2;16583;59,69 %
tag:stardog:api:teregua;2;16585;59,69 %
tag:stardog:api:bacia;2;16587;59,70 %
tag:stardog:api:joan_scott;2;16589;59,71 %
tag:stardog:api:campestri;2;16591;59,71 %
tag:stardog:api:paulo_celso_miceli;2;16593;59,72 %
tag:stardog:api:peixe;2;16595;59,73 %
tag:stardog:api:clovis_steiger_de_assis_moura;2;16597;59,74 %
tag:stardog:api:peter_mclaren;2;16599;59,74 %
tag:stardog:api:lendo_mulheres;2;16601;59,75 %
tag:stardog:api:cincinato_franca;2;16603;59,76 %
tag:stardog:api:planck;2;16605;59,76 %
tag:stardog:api:tereza_conceicao_arruda;2;16607;59,77 %
tag:stardog:api:tayassu;2;16609;59,78 %
tag:stardog:api:dumont;2;16611;59,79 %
tag:stardog:api:paran;2;16613;59,79 %
tag:stardog:api:divino_tserewahu;2;16615;59,80 %
tag:stardog:api:aldeia_limao_verde;2;16617;59,81 %
tag:stardog:api:saude_da_mulher;2;16619;59,82 %
tag:stardog:api:afropress;2;16621;59,82 %
tag:stardog:api:colecao_carlos_estevao;2;16623;59,83 %
tag:stardog:api:andre_cellard;2;16625;59,84 %
tag:stardog:api:kanhru;2;16627;59,84 %
tag:stardog:api:simao_dias;2;16629;59,85 %
tag:stardog:api:amada;2;16631;59,86 %
tag:stardog:api:charlie_brooker;2;16633;59,87 %
tag:stardog:api:shakespeare;2;16635;59,87 %
tag:stardog:api:harriet_jacobs;2;16637;59,88 %
tag:stardog:api:fala;2;16639;59,89 %
tag:stardog:api:mebengokrekayapo;2;16641;59,89 %
tag:stardog:api:gcms;2;16643;59,90 %
tag:stardog:api:ducrot;2;16645;59,91 %
tag:stardog:api:serra_da_guia;2;16647;59,92 %
tag:stardog:api:ana_davenga;2;16649;59,92 %
tag:stardog:api:oncideres_impluviata;2;16651;59,93 %
tag:stardog:api:maffesoli;2;16653;59,94 %
tag:stardog:api:diversidade_cultural;2;16655;59,94 %
tag:stardog:api:diana_klinger;2;16657;59,95 %
tag:stardog:api:jaider_esbell;2;16659;59,96 %
tag:stardog:api:bara;2;16661;59,97 %
tag:stardog:api:joan_wallach_scott;2;16663;59,97 %
tag:stardog:api:alzira_rufino;2;16665;59,98 %
tag:stardog:api:marcio_orlando_seligmannsilva;2;16667;59,99 %
tag:stardog:api:etila;2;16669;59,99 %
tag:stardog:api:dom_pedro_ii;2;16671;60,00 %
tag:stardog:api:florestan;2;16673;60,01 %
tag:stardog:api:contranarrativas;2;16675;60,02 %
tag:stardog:api:kaka_wera;2;16677;60,02 %
tag:stardog:api:pachamama;2;16679;60,03 %
tag:stardog:api:amelia_vitoria_de_souza_conrado;2;16681;60,04 %
tag:stardog:api:pimenta;2;16683;60,05 %
tag:stardog:api:antonio;2;16685;60,05 %
tag:stardog:api:tereza_santos;2;16687;60,06 %
tag:stardog:api:francisco_foot_hardman;2;16689;60,07 %
tag:stardog:api:wistar;2;16691;60,07 %
tag:stardog:api:albuquerque_jr;2;16693;60,08 %
tag:stardog:api:balbina_francisca_de_siqueira;2;16695;60,09 %
tag:stardog:api:veja;2;16697;60,10 %
tag:stardog:api:martinez;2;16699;60,10 %
tag:stardog:api:sorocea;2;16701;60,11 %
tag:stardog:api:sorensen;2;16703;60,12 %
tag:stardog:api:daniel_sibony;2;16705;60,12 %
tag:stardog:api:pierre_felix_bourdieu;2;16707;60,13 %
tag:stardog:api:jose_henrique_de_faria;2;16709;60,14 %
tag:stardog:api:case_angatu;2;16711;60,15 %
tag:stardog:api:piletti;2;16713;60,15 %
tag:stardog:api:unidade_didatica;2;16715;60,16 %
tag:stardog:api:ganga_zumba;2;16717;60,17 %
tag:stardog:api:tilly;2;16719;60,17 %
tag:stardog:api:manumissions;2;16721;60,18 %
tag:stardog:api:roxane_rojo;2;16723;60,19 %
tag:stardog:api:mikhail_bakhtins;2;16725;60,20 %
tag:stardog:api:pioneiros;2;16727;60,20 %
tag:stardog:api:folha_de_s_paulo;2;16729;60,21 %
tag:stardog:api:afonso_arinos;2;16731;60,22 %
tag:stardog:api:carlos_moore;2;16733;60,23 %
tag:stardog:api:antonio_torres;2;16735;60,23 %
tag:stardog:api:markovnikov;2;16737;60,24 %
tag:stardog:api:nego_fugido;2;16739;60,25 %
tag:stardog:api:henrique_freitas;2;16741;60,25 %
tag:stardog:api:ana_keila_mosca_pinezi;2;16743;60,26 %
tag:stardog:api:area_i;2;16745;60,27 %
tag:stardog:api:dedico;2;16747;60,28 %
tag:stardog:api:heitor_furtado_de_mendonca;2;16749;60,28 %
tag:stardog:api:alex_ratts;2;16751;60,29 %
tag:stardog:api:autodefinem;2;16753;60,30 %
tag:stardog:api:kuarup;2;16755;60,30 %
tag:stardog:api:incluso;2;16757;60,31 %
tag:stardog:api:roland_walter;2;16759;60,32 %
tag:stardog:api:bruno_ferreira;2;16761;60,33 %
tag:stardog:api:f_decemcellulare;2;16763;60,33 %
tag:stardog:api:horkheimer;2;16765;60,34 %
tag:stardog:api:siloe_amorim;2;16767;60,35 %
tag:stardog:api:isolalanzoni;2;16769;60,35 %
tag:stardog:api:kipea;2;16771;60,36 %
tag:stardog:api:neisseria;2;16773;60,37 %
tag:stardog:api:callou;2;16775;60,38 %
tag:stardog:api:marcuse;2;16777;60,38 %
tag:stardog:api:ethos;2;16779;60,39 %
tag:stardog:api:maria_tarcisa_silva;2;16781;60,40 %
tag:stardog:api:oxossi;2;16783;60,41 %
tag:stardog:api:kalunga_de_cavalcante;2;16785;60,41 %
tag:stardog:api:nzinga;2;16787;60,42 %
tag:stardog:api:maracatu_leao_coroado;2;16789;60,43 %
tag:stardog:api:sito;2;16791;60,43 %
tag:stardog:api:baptista_da_silva;2;16793;60,44 %
tag:stardog:api:santo;2;16795;60,45 %
tag:stardog:api:coco;2;16797;60,46 %
tag:stardog:api:ka_mag;2;16799;60,46 %
tag:stardog:api:geosystem;2;16801;60,47 %
tag:stardog:api:tania_maria_baibich;2;16803;60,48 %
tag:stardog:api:linduarte_noronha;2;16805;60,48 %
tag:stardog:api:eu;2;16807;60,49 %
tag:stardog:api:jose_alves_de_freitas_neto;2;16809;60,50 %
tag:stardog:api:dondis;2;16811;60,51 %
tag:stardog:api:cellulignin;2;16813;60,51 %
tag:stardog:api:rita;2;16815;60,52 %
tag:stardog:api:oliveira_vianna;2;16817;60,53 %
tag:stardog:api:jose_americo_de_almeida;2;16819;60,53 %
tag:stardog:api:ambrosio;2;16821;60,54 %
tag:stardog:api:matheus_jose_de_souza;2;16823;60,55 %
tag:stardog:api:hamiltonjacobi;2;16825;60,56 %
tag:stardog:api:maria_tereza_duarte_paes;2;16827;60,56 %
tag:stardog:api:alfredo_cesar_barbosa_de_melo;2;16829;60,57 %
tag:stardog:api:alberto;2;16831;60,58 %
tag:stardog:api:ana_lira;2;16833;60,59 %
tag:stardog:api:duranti;2;16835;60,59 %
tag:stardog:api:pierre_bourdieus;2;16837;60,60 %
tag:stardog:api:edimilson_de_almeida_pereira;2;16839;60,61 %
tag:stardog:api:brah;2;16841;60,61 %
tag:stardog:api:yepa_mahsa;2;16843;60,62 %
tag:stardog:api:victor_hugo;2;16845;60,63 %
tag:stardog:api:guapimirim;2;16847;60,64 %
tag:stardog:api:assurini;2;16849;60,64 %
tag:stardog:api:arataguyalhandra;2;16851;60,65 %
tag:stardog:api:stein;2;16853;60,66 %
tag:stardog:api:sepe;2;16855;60,66 %
tag:stardog:api:caca;2;16857;60,67 %
tag:stardog:api:francisco_beltrao;2;16859;60,68 %
tag:stardog:api:iza;2;16861;60,69 %
tag:stardog:api:paulo_freire_s;2;16863;60,69 %
tag:stardog:api:maria_silvia_casagrande_beozzo_bassanezi;2;16865;60,70 %
tag:stardog:api:dalvi;2;16867;60,71 %
tag:stardog:api:dantas;2;16869;60,71 %
tag:stardog:api:lander;2;16871;60,72 %
tag:stardog:api:john_thompson;2;16873;60,73 %
tag:stardog:api:maria_de_arruda_muller;2;16875;60,74 %
tag:stardog:api:exato_de_fisher;2;16877;60,74 %
tag:stardog:api:roy_wagner;2;16879;60,75 %
tag:stardog:api:hermeneutica;2;16881;60,76 %
tag:stardog:api:wilson_ramos_filho;2;16883;60,77 %
tag:stardog:api:casa_de_correcao;2;16885;60,77 %
tag:stardog:api:cabrera;2;16887;60,78 %
tag:stardog:api:implantao;2;16889;60,79 %
tag:stardog:api:unruh;2;16891;60,79 %
tag:stardog:api:glauber_rocha;2;16893;60,80 %
tag:stardog:api:donna_haraway;2;16895;60,81 %
tag:stardog:api:ligiero;2;16897;60,82 %
tag:stardog:api:feelings;2;16899;60,82 %
tag:stardog:api:misak;2;16901;60,83 %
tag:stardog:api:adoto;2;16903;60,84 %
tag:stardog:api:xukurus;2;16905;60,84 %
tag:stardog:api:leslie_marmon_silko;2;16907;60,85 %
tag:stardog:api:basilio;2;16909;60,86 %
tag:stardog:api:nova_almeida;2;16911;60,87 %
tag:stardog:api:bos;2;16913;60,87 %
tag:stardog:api:decoloniais;2;16915;60,88 %
tag:stardog:api:marcio_souza;2;16917;60,89 %
tag:stardog:api:rita_segato;2;16919;60,89 %
tag:stardog:api:crantz;2;16921;60,90 %
tag:stardog:api:freddy_prestol_castillo;2;16923;60,91 %
tag:stardog:api:leopoldina;2;16925;60,92 %
tag:stardog:api:vilma_reis;2;16927;60,92 %
tag:stardog:api:sisvani;2;16929;60,93 %
tag:stardog:api:umbelina_adelaide_de_miranda;2;16931;60,94 %
tag:stardog:api:eni_orlandi;2;16933;60,95 %
tag:stardog:api:brand;2;16935;60,95 %
tag:stardog:api:gerdes;2;16937;60,96 %
tag:stardog:api:fidel_tubino;2;16939;60,97 %
tag:stardog:api:hyman;2;16941;60,97 %
tag:stardog:api:apinaye;2;16943;60,98 %
tag:stardog:api:mario_quintana;2;16945;60,99 %
tag:stardog:api:lgbtqiap;2;16947;61,00 %
tag:stardog:api:huni_kuin;2;16949;61,00 %
tag:stardog:api:samarco;2;16951;61,01 %
tag:stardog:api:margaret_atwood;2;16953;61,02 %
tag:stardog:api:pele_negra;2;16955;61,02 %
tag:stardog:api:felix_pablo_friggeri;2;16957;61,03 %
tag:stardog:api:decio_de_almeida_prado;2;16959;61,04 %
tag:stardog:api:luandino_vieira;2;16961;61,05 %
tag:stardog:api:ediacarano;2;16963;61,05 %
tag:stardog:api:jenkins;2;16965;61,06 %
tag:stardog:api:aleida_assmann;2;16967;61,07 %
tag:stardog:api:maxwell;2;16969;61,07 %
tag:stardog:api:danhono;2;16971;61,08 %
tag:stardog:api:vozes_guardadas;2;16973;61,09 %
tag:stardog:api:augusta;2;16975;61,10 %
tag:stardog:api:carajas;2;16977;61,10 %
tag:stardog:api:contestado;2;16979;61,11 %
tag:stardog:api:beyonce;2;16981;61,12 %
tag:stardog:api:camila_loureiro_dias;2;16983;61,13 %
tag:stardog:api:pu;2;16985;61,13 %
tag:stardog:api:lacui_roque_isnard;2;16987;61,14 %
tag:stardog:api:gerard_genette;2;16989;61,15 %
tag:stardog:api:michel_wieviorka;2;16991;61,15 %
tag:stardog:api:corsaro;2;16993;61,16 %
tag:stardog:api:evaristos;2;16995;61,17 %
tag:stardog:api:apiaceae;2;16997;61,18 %
tag:stardog:api:casa;2;16999;61,18 %
tag:stardog:api:ferreira_netto;2;17001;61,19 %
tag:stardog:api:tenonde_pora;2;17003;61,20 %
tag:stardog:api:tabacu_reko_ypy;2;17005;61,20 %
tag:stardog:api:sethe;2;17007;61,21 %
tag:stardog:api:thomas_king;2;17009;61,22 %
tag:stardog:api:anjo_negro;2;17011;61,23 %
tag:stardog:api:caryl_phillips;2;17013;61,23 %
tag:stardog:api:isabel_nogueira;2;17015;61,24 %
tag:stardog:api:clupeiformes;2;17017;61,25 %
tag:stardog:api:devil;2;17019;61,25 %
tag:stardog:api:heloisa_pontes;2;17021;61,26 %
tag:stardog:api:politicas_sociais;2;17023;61,27 %
tag:stardog:api:marcelino_freire;2;17025;61,28 %
tag:stardog:api:joaze_bernardinocosta;2;17027;61,28 %
tag:stardog:api:bales;2;17029;61,29 %
tag:stardog:api:benedicto_galvao;2;17031;61,30 %
tag:stardog:api:imbricada;2;17033;61,31 %
tag:stardog:api:nataly_neri;2;17035;61,31 %
tag:stardog:api:amiri_baraka;2;17037;61,32 %
tag:stardog:api:nancy_morejon;2;17039;61,33 %
tag:stardog:api:tenonde_vera_miri;2;17041;61,33 %
tag:stardog:api:sade;2;17043;61,34 %
tag:stardog:api:friedrich_nietzsche;2;17045;61,35 %
tag:stardog:api:knapp;2;17047;61,36 %
tag:stardog:api:gabi_oliveira;2;17049;61,36 %
tag:stardog:api:micropolitics;2;17051;61,37 %
tag:stardog:api:claudino;2;17053;61,38 %
tag:stardog:api:castaneda;2;17055;61,38 %
tag:stardog:api:humberto_maturana;2;17057;61,39 %
tag:stardog:api:dr_sylvio_fausto_gil_filho;2;17059;61,40 %
tag:stardog:api:rosenfeld;2;17061;61,41 %
tag:stardog:api:desai;2;17063;61,41 %
tag:stardog:api:marimba_ani;2;17065;61,42 %
tag:stardog:api:tapera_melao;2;17067;61,43 %
tag:stardog:api:observacao_participante;2;17069;61,43 %
tag:stardog:api:seibergwitter;2;17071;61,44 %
tag:stardog:api:m_tuberculosis;2;17073;61,45 %
tag:stardog:api:febronio;2;17075;61,46 %
tag:stardog:api:yaminahua;2;17077;61,46 %
tag:stardog:api:antonia;2;17079;61,47 %
tag:stardog:api:zozimo_bulbul;2;17081;61,48 %
tag:stardog:api:nyssomyia;2;17083;61,49 %
tag:stardog:api:john_dewey;2;17085;61,49 %
tag:stardog:api:jose_jorge_de_carvalho;2;17087;61,50 %
tag:stardog:api:cymbopogon_citratus;2;17089;61,51 %
tag:stardog:api:aqualtune;2;17091;61,51 %
tag:stardog:api:williams;2;17093;61,52 %
tag:stardog:api:jacques_dadesky;2;17095;61,53 %
tag:stardog:api:renato_noguera;2;17097;61,54 %
tag:stardog:api:santa_ines;2;17099;61,54 %
tag:stardog:api:mbya_reko;2;17101;61,55 %
tag:stardog:api:ana_maria_fonseca_de_almeida;2;17103;61,56 %
tag:stardog:api:schwarz;2;17105;61,56 %
tag:stardog:api:cagliari;2;17107;61,57 %
tag:stardog:api:beauveria;2;17109;61,58 %
tag:stardog:api:antonio_carlos_wolkmer;2;17111;61,59 %
tag:stardog:api:b_f_skinner;2;17113;61,59 %
tag:stardog:api:varzelandia;2;17115;61,60 %
tag:stardog:api:barra_mansa;2;17117;61,61 %
tag:stardog:api:ladefoged;2;17119;61,61 %
tag:stardog:api:kaufmann;2;17121;61,62 %
tag:stardog:api:hurston;2;17123;61,63 %
tag:stardog:api:amade_mcharek;2;17125;61,64 %
tag:stardog:api:martin_luther_king_jr;2;17127;61,64 %
tag:stardog:api:auwexavante;2;17129;61,65 %
tag:stardog:api:bispo;2;17131;61,66 %
tag:stardog:api:wilson_simonal;2;17133;61,66 %
tag:stardog:api:wittgenstein;2;17135;61,67 %
tag:stardog:api:bong;2;17137;61,68 %
tag:stardog:api:sabatier;2;17139;61,69 %
tag:stardog:api:roda;2;17141;61,69 %
tag:stardog:api:yvy_rupa;2;17143;61,70 %
tag:stardog:api:luis_bernardo_honwana;2;17145;61,71 %
tag:stardog:api:examinei;2;17147;61,72 %
tag:stardog:api:cristino_wapichana;2;17149;61,72 %
tag:stardog:api:sao_joaquim;2;17151;61,73 %
tag:stardog:api:george_balandier;2;17153;61,74 %
tag:stardog:api:embase;2;17155;61,74 %
tag:stardog:api:porto_torquato;2;17157;61,75 %
tag:stardog:api:novas_tribos;2;17159;61,76 %
tag:stardog:api:marxs;2;17161;61,77 %
tag:stardog:api:wayampi;2;17163;61,77 %
tag:stardog:api:municipal_francisco_meireles;2;17165;61,78 %
tag:stardog:api:francione;2;17167;61,79 %
tag:stardog:api:mateus_aleluia;2;17169;61,79 %
tag:stardog:api:rodrigo_rossi_horochovski;2;17171;61,80 %
tag:stardog:api:courtine;2;17173;61,81 %
tag:stardog:api:portela;2;17175;61,82 %
tag:stardog:api:jose_maria_arguedas;2;17177;61,82 %
tag:stardog:api:dona_juscelina;2;17179;61,83 %
tag:stardog:api:fhc;2;17181;61,84 %
tag:stardog:api:jaguncos;2;17183;61,84 %
tag:stardog:api:bia_ferreira;2;17185;61,85 %
tag:stardog:api:taliria_petrone;2;17187;61,86 %
tag:stardog:api:chagas;2;17189;61,87 %
tag:stardog:api:norma_bengell;2;17191;61,87 %
tag:stardog:api:patricia_moreira;2;17193;61,88 %
tag:stardog:api:shannon;2;17195;61,89 %
tag:stardog:api:iniquidades;2;17197;61,90 %
tag:stardog:api:abramovay;2;17199;61,90 %
tag:stardog:api:denis_cosgrove;2;17201;61,91 %
tag:stardog:api:ethnomatematics;2;17203;61,92 %
tag:stardog:api:xica_da_silva;2;17205;61,92 %
tag:stardog:api:gleason;2;17207;61,93 %
tag:stardog:api:victor_frond;2;17209;61,94 %
tag:stardog:api:compreenso;2;17211;61,95 %
tag:stardog:api:jacareacanga;2;17213;61,95 %
tag:stardog:api:bartomeu_melia;2;17215;61,96 %
tag:stardog:api:jose_luis_cabaco;2;17217;61,97 %
tag:stardog:api:pierucci;2;17219;61,97 %
tag:stardog:api:extrema;2;17221;61,98 %
tag:stardog:api:peter_lee;2;17223;61,99 %
tag:stardog:api:dionisio;2;17225;62,00 %
tag:stardog:api:guita_grin_debert;2;17227;62,00 %
tag:stardog:api:arekuna;2;17229;62,01 %
tag:stardog:api:mandela;2;17231;62,02 %
tag:stardog:api:aleandro_reyes;2;17233;62,02 %
tag:stardog:api:dilma;2;17235;62,03 %
tag:stardog:api:leonel_brizola;2;17237;62,04 %
tag:stardog:api:ashcroft;2;17239;62,05 %
tag:stardog:api:cidada;2;17241;62,05 %
tag:stardog:api:johnson;2;17243;62,06 %
tag:stardog:api:jorge_gasche;2;17245;62,07 %
tag:stardog:api:volochinov;2;17247;62,08 %
tag:stardog:api:santo_cristo;2;17249;62,08 %
tag:stardog:api:kurz;2;17251;62,09 %
tag:stardog:api:linda_silva_oliveira;2;17253;62,10 %
tag:stardog:api:peter_berger;2;17255;62,10 %
tag:stardog:api:excluso;2;17257;62,11 %
tag:stardog:api:akwe_xerente;2;17259;62,12 %
tag:stardog:api:ori;2;17261;62,13 %
tag:stardog:api:mesticagem;2;17263;62,13 %
tag:stardog:api:dr_jose_edmilson_de_souza_lima;2;17265;62,14 %
tag:stardog:api:zumthor;2;17267;62,15 %
tag:stardog:api:sirio_possenti;2;17269;62,15 %
tag:stardog:api:tnf;2;17271;62,16 %
tag:stardog:api:joao_barbosa_rodrigues;2;17273;62,17 %
tag:stardog:api:drosophila;2;17275;62,18 %
tag:stardog:api:guerreiro;2;17277;62,18 %
tag:stardog:api:m_ozzardi;2;17279;62,19 %
tag:stardog:api:couto_de_magalhaes;2;17281;62,20 %
tag:stardog:api:paulo_afonso;2;17283;62,20 %
tag:stardog:api:cristina;2;17285;62,21 %
tag:stardog:api:pirakua;2;17287;62,22 %
tag:stardog:api:piaget;2;17289;62,23 %
tag:stardog:api:jamary_dos_pretos;2;17291;62,23 %
tag:stardog:api:porto_leocardio;2;17293;62,24 %
tag:stardog:api:leufkens;2;17295;62,25 %
tag:stardog:api:quintino_soares_da_rocha;2;17297;62,26 %
tag:stardog:api:jair_messias_bolsonaro;2;17299;62,26 %
tag:stardog:api:lucia_santaella;2;17301;62,27 %
tag:stardog:api:mata_cavalo_de_cima;2;17303;62,28 %
tag:stardog:api:oduvaldo_vianna_filho;2;17305;62,28 %
tag:stardog:api:geoarqueologia;2;17307;62,29 %
tag:stardog:api:canabrava;2;17309;62,30 %
tag:stardog:api:abolicionismo;2;17311;62,31 %
tag:stardog:api:paraty_mirim;2;17313;62,31 %
tag:stardog:api:souza_filho;2;17315;62,32 %
tag:stardog:api:sebastiao_jose_de_carvalho_e_melo;2;17317;62,33 %
tag:stardog:api:paternalismo;2;17319;62,33 %
tag:stardog:api:nettie;2;17321;62,34 %
tag:stardog:api:theodor_adorno;2;17323;62,35 %
tag:stardog:api:massimo_canevacci;2;17325;62,36 %
tag:stardog:api:ag;2;17327;62,36 %
tag:stardog:api:amburana;2;17329;62,37 %
tag:stardog:api:sertao_baiano;2;17331;62,38 %
tag:stardog:api:prouni;2;17333;62,38 %
tag:stardog:api:mae_beata_de_yemonja;2;17335;62,39 %
tag:stardog:api:extremo_sul_da_bahia;2;17337;62,40 %
tag:stardog:api:lobo;2;17339;62,41 %
tag:stardog:api:anacardiaceae;2;17341;62,41 %
tag:stardog:api:dr_mauricio_richartz;2;17343;62,42 %
tag:stardog:api:daime;2;17345;62,43 %
tag:stardog:api:nh4;2;17347;62,44 %
tag:stardog:api:capitao;2;17349;62,44 %
tag:stardog:api:lyons;2;17351;62,45 %
tag:stardog:api:uptabi;2;17353;62,46 %
tag:stardog:api:jorge_iaparr;2;17355;62,46 %
tag:stardog:api:menezes;2;17357;62,47 %
tag:stardog:api:ramo_iv;2;17359;62,48 %
tag:stardog:api:arvore;2;17361;62,49 %
tag:stardog:api:alice_walkers;2;17363;62,49 %
tag:stardog:api:aldous_huxley;2;17365;62,50 %
tag:stardog:api:andre_fernandes;2;17367;62,51 %
tag:stardog:api:johann_moritz_rugendas;2;17369;62,51 %
tag:stardog:api:juan_gines_de_sepulveda;2;17371;62,52 %
tag:stardog:api:sussa;2;17373;62,53 %
tag:stardog:api:alternaria;2;17375;62,54 %
tag:stardog:api:ryane_leao;2;17377;62,54 %
tag:stardog:api:o_clarim;2;17379;62,55 %
tag:stardog:api:sopapo;2;17381;62,56 %
tag:stardog:api:dr_dimas_floriani;2;17383;62,56 %
tag:stardog:api:luiz_antonio_simas;2;17385;62,57 %
tag:stardog:api:stradelli;2;17387;62,58 %
tag:stardog:api:flavio_gomes;2;17389;62,59 %
tag:stardog:api:entretecer;2;17391;62,59 %
tag:stardog:api:perda_de_insercao_periodontal;2;17393;62,60 %
tag:stardog:api:baudrillard;2;17395;62,61 %
tag:stardog:api:xango;2;17397;62,62 %
tag:stardog:api:rajagopalan;2;17399;62,62 %
tag:stardog:api:assistencia_social;2;17401;62,63 %
tag:stardog:api:araruama;2;17403;62,64 %
tag:stardog:api:oba;2;17405;62,64 %
tag:stardog:api:mann;2;17407;62,65 %
tag:stardog:api:schaden;2;17409;62,66 %
tag:stardog:api:kwame_anthony_appiah;2;17411;62,67 %
tag:stardog:api:mafra;2;17413;62,67 %
tag:stardog:api:tiquie;2;17415;62,68 %
tag:stardog:api:shipiboconibo;2;17417;62,69 %
tag:stardog:api:wara;2;17419;62,69 %
tag:stardog:api:ingo_sarlet;2;17421;62,70 %
tag:stardog:api:chiquitana;2;17423;62,71 %
tag:stardog:api:joao_candido;2;17425;62,72 %
tag:stardog:api:antoine_compagnon;2;17427;62,72 %
tag:stardog:api:projetos;2;17429;62,73 %
tag:stardog:api:robin_michel_wright;2;17431;62,74 %
tag:stardog:api:cam;2;17433;62,74 %
tag:stardog:api:zotero;2;17435;62,75 %
tag:stardog:api:sigmund_freud;2;17437;62,76 %
tag:stardog:api:cochrane_library;2;17439;62,77 %
tag:stardog:api:eric_hobsbawm;2;17441;62,77 %
tag:stardog:api:patricia;2;17443;62,78 %
tag:stardog:api:dom_bosco;2;17445;62,79 %
tag:stardog:api:edipo;2;17447;62,80 %
tag:stardog:api:antonio_azevedo;2;17449;62,80 %
tag:stardog:api:marina_colasanti;2;17451;62,81 %
tag:stardog:api:sao_manoel;2;17453;62,82 %
tag:stardog:api:huizinga;2;17455;62,82 %
tag:stardog:api:kjeldahl;2;17457;62,83 %
tag:stardog:api:chaves;2;17459;62,84 %
tag:stardog:api:federici;2;17461;62,85 %
tag:stardog:api:beloved;2;17463;62,85 %
tag:stardog:api:campos_gerais;2;17465;62,86 %
tag:stardog:api:armanda;2;17467;62,87 %
tag:stardog:api:shg;2;17469;62,87 %
tag:stardog:api:waikhana;2;17471;62,88 %
tag:stardog:api:nina;2;17473;62,89 %
tag:stardog:api:tanto;2;17475;62,90 %
tag:stardog:api:dr_miguel_carid_naveira;2;17477;62,90 %
tag:stardog:api:dmso;2;17479;62,91 %
tag:stardog:api:oliveira_viana;2;17481;62,92 %
tag:stardog:api:knijnik;2;17483;62,92 %
tag:stardog:api:alpina_begossi;2;17485;62,93 %
tag:stardog:api:imperador;2;17487;62,94 %
tag:stardog:api:taina;2;17489;62,95 %
tag:stardog:api:roberto_piva;2;17491;62,95 %
tag:stardog:api:fernando_ferraz;2;17493;62,96 %
tag:stardog:api:celia_regina_tomiko_futemma;2;17495;62,97 %
tag:stardog:api:leila;2;17497;62,98 %
tag:stardog:api:audalio_dantas;2;17499;62,98 %
tag:stardog:api:eleko;2;17501;62,99 %
tag:stardog:api:josue_montello;2;17503;63,00 %
tag:stardog:api:colson_whitehead;2;17505;63,00 %
tag:stardog:api:darci_ribeiro;2;17507;63,01 %
tag:stardog:api:grosjean;2;17509;63,02 %
tag:stardog:api:barao_de_cotegipe;2;17511;63,03 %
tag:stardog:api:eletroforese;2;17513;63,03 %
tag:stardog:api:breves;2;17515;63,04 %
tag:stardog:api:malcolm_x;2;17517;63,05 %
tag:stardog:api:caryocaraceae;2;17519;63,05 %
tag:stardog:api:rangel;2;17521;63,06 %
tag:stardog:api:maria_rita_de_assis_cesar;2;17523;63,07 %
tag:stardog:api:freundlich;2;17525;63,08 %
tag:stardog:api:noguera;2;17527;63,08 %
tag:stardog:api:facundo;2;17529;63,09 %
tag:stardog:api:quilombola_de_raiz;2;17531;63,10 %
tag:stardog:api:barack_obama;2;17533;63,10 %
tag:stardog:api:rosa_maria_bueno_fischer;2;17535;63,11 %
tag:stardog:api:ole_skovsmose;2;17537;63,12 %
tag:stardog:api:regina_maria_de_souza;2;17539;63,13 %
tag:stardog:api:turvo;2;17541;63,13 %
tag:stardog:api:joao_alfredo;2;17543;63,14 %
tag:stardog:api:pilar;2;17545;63,15 %
tag:stardog:api:edward;2;17547;63,16 %
tag:stardog:api:fals_borda;2;17549;63,16 %
tag:stardog:api:chernsimons;2;17551;63,17 %
tag:stardog:api:syagrus;2;17553;63,18 %
tag:stardog:api:ribeirao;2;17555;63,18 %
tag:stardog:api:floriano_peixoto;2;17557;63,19 %
tag:stardog:api:garcia_canclini;2;17559;63,20 %
tag:stardog:api:trichoderma;2;17561;63,21 %
tag:stardog:api:folha_de_boa_vista;2;17563;63,21 %
tag:stardog:api:verrangia;2;17565;63,22 %
tag:stardog:api:discusso;2;17567;63,23 %
tag:stardog:api:clementina_de_jesus;2;17569;63,23 %
tag:stardog:api:il17;2;17571;63,24 %
tag:stardog:api:garcasmt;2;17573;63,25 %
tag:stardog:api:casimiro_de_abreu;2;17575;63,26 %
tag:stardog:api:antonio_novoa;2;17577;63,26 %
tag:stardog:api:mestre_king;2;17579;63,27 %
tag:stardog:api:ceica_ferreira;2;17581;63,28 %
tag:stardog:api:w_e_b_du_bois;2;17583;63,28 %
tag:stardog:api:twain;2;17585;63,29 %
tag:stardog:api:bochner;2;17587;63,30 %
tag:stardog:api:valladares;2;17589;63,31 %
tag:stardog:api:pons;2;17591;63,31 %
tag:stardog:api:criola;2;17593;63,32 %
tag:stardog:api:quentin_skinner;2;17595;63,33 %
tag:stardog:api:gusmao;2;17597;63,34 %
tag:stardog:api:nils_christie;2;17599;63,34 %
tag:stardog:api:padre;2;17601;63,35 %
tag:stardog:api:figueira;2;17603;63,36 %
tag:stardog:api:preta_rara;2;17605;63,36 %
tag:stardog:api:pedro_cubas_de_cima;2;17607;63,37 %
tag:stardog:api:benedict;2;17609;63,38 %
tag:stardog:api:flavia;2;17611;63,39 %
tag:stardog:api:decio_freitas;2;17613;63,39 %
tag:stardog:api:espectroscopia;2;17615;63,40 %
tag:stardog:api:mincer;2;17617;63,41 %
tag:stardog:api:yalorixa;2;17619;63,41 %
tag:stardog:api:conrado;2;17621;63,42 %
tag:stardog:api:triste_fim_de_policarpo_quaresma;2;17623;63,43 %
tag:stardog:api:goncalves_e_silva;2;17625;63,44 %
tag:stardog:api:andre_joao_antonil;2;17627;63,44 %
tag:stardog:api:c1750;2;17629;63,45 %
tag:stardog:api:rosinha;2;17631;63,46 %
tag:stardog:api:paty;2;17633;63,46 %
tag:stardog:api:zaprionus_indianus;2;17635;63,47 %
tag:stardog:api:ana_paula_xongani;2;17637;63,48 %
tag:stardog:api:gomez;2;17639;63,49 %
tag:stardog:api:diptera;2;17641;63,49 %
tag:stardog:api:aral_moreira;2;17643;63,50 %
tag:stardog:api:madiba;2;17645;63,51 %
tag:stardog:api:conseguinte;2;17647;63,51 %
tag:stardog:api:bernard_bell;2;17649;63,52 %
tag:stardog:api:wakalitesu;2;17651;63,53 %
tag:stardog:api:baobab;2;17653;63,54 %
tag:stardog:api:saci;2;17655;63,54 %
tag:stardog:api:becc;2;17657;63,55 %
tag:stardog:api:anzaldua;2;17659;63,56 %
tag:stardog:api:camarao;2;17661;63,57 %
tag:stardog:api:ciro_alegria;2;17663;63,57 %
tag:stardog:api:rosaceae;2;17665;63,58 %
tag:stardog:api:tamba;2;17667;63,59 %
tag:stardog:api:baquaqua;2;17669;63,59 %
tag:stardog:api:lygia_fagundes_telles;2;17671;63,60 %
tag:stardog:api:d_pedro_i;2;17673;63,61 %
tag:stardog:api:itacoamiri;2;17675;63,62 %
tag:stardog:api:zeferina;2;17677;63,62 %
tag:stardog:api:espaco;2;17679;63,63 %
tag:stardog:api:orlando_fals_borda;2;17681;63,64 %
tag:stardog:api:moore;2;17683;63,64 %
tag:stardog:api:leonardo_arroyo;2;17685;63,65 %
tag:stardog:api:presidentes_de_provincia;2;17687;63,66 %
tag:stardog:api:paraiba_fluminense;2;17689;63,67 %
tag:stardog:api:tapajo;2;17691;63,67 %
tag:stardog:api:massaud_moises;2;17693;63,68 %
tag:stardog:api:ceniso;2;17695;63,69 %
tag:stardog:api:keith_spalding_brown_jr;2;17697;63,69 %
tag:stardog:api:mauad;2;17699;63,70 %
tag:stardog:api:xipaya;2;17701;63,71 %
tag:stardog:api:questoes;2;17703;63,72 %
tag:stardog:api:encantados;2;17705;63,72 %
tag:stardog:api:desobediencia_epistemica;2;17707;63,73 %
tag:stardog:api:miskolci;2;17709;63,74 %
tag:stardog:api:eduardo_de_oliveira_e_oliveira;2;17711;63,75 %
tag:stardog:api:desenvolvimento_sustentavel;2;17713;63,75 %
tag:stardog:api:relacoes_de_dependencia;2;17715;63,76 %
tag:stardog:api:pesquisa;2;17717;63,77 %
tag:stardog:api:zabala;2;17719;63,77 %
tag:stardog:api:sonia_rosa;2;17721;63,78 %
tag:stardog:api:antonio_ruiz_de_montoya;2;17723;63,79 %
tag:stardog:api:dworkin;2;17725;63,80 %
tag:stardog:api:meninas;2;17727;63,80 %
tag:stardog:api:pennycook;2;17729;63,81 %
tag:stardog:api:grunewald;2;17731;63,82 %
tag:stardog:api:serge_gruzinski;2;17733;63,82 %
tag:stardog:api:polanyi;2;17735;63,83 %
tag:stardog:api:jose_boiteux;2;17737;63,84 %
tag:stardog:api:damiana_da_cunha;2;17739;63,85 %
tag:stardog:api:antonina;2;17741;63,85 %
tag:stardog:api:stuart_halls;2;17743;63,86 %
tag:stardog:api:sb;2;17745;63,87 %
tag:stardog:api:amartya;2;17747;63,87 %
tag:stardog:api:sabina;2;17749;63,88 %
tag:stardog:api:t_gondii;2;17751;63,89 %
tag:stardog:api:duncan;2;17753;63,90 %
tag:stardog:api:silvana_carvalho_fonseca;2;17755;63,90 %
tag:stardog:api:seeger;2;17757;63,91 %
tag:stardog:api:kevin_bales;2;17759;63,92 %
tag:stardog:api:charles_wagley;2;17761;63,93 %
tag:stardog:api:facundes;2;17763;63,93 %
tag:stardog:api:jack_goody;2;17765;63,94 %
tag:stardog:api:bartlett;2;17767;63,95 %
tag:stardog:api:antonio_flavio_moreira;2;17769;63,95 %
tag:stardog:api:henry_giroux;2;17771;63,96 %
tag:stardog:api:peter_singer;2;17773;63,97 %
tag:stardog:api:lucinda;2;17775;63,98 %
tag:stardog:api:victor_meirelles;2;17777;63,98 %
tag:stardog:api:prainha;2;17779;63,99 %
tag:stardog:api:feira_de_santanaba;2;17781;64,00 %
tag:stardog:api:falcao;2;17783;64,00 %
tag:stardog:api:manzano;2;17785;64,01 %
tag:stardog:api:julio_ribeiro;2;17787;64,02 %
tag:stardog:api:colegio;2;17789;64,03 %
tag:stardog:api:sander;2;17791;64,03 %
tag:stardog:api:miguel_arcanjo;2;17793;64,04 %
tag:stardog:api:marcio_seligmannsilva;2;17795;64,05 %
tag:stardog:api:fazenda_roseira;2;17797;64,05 %
tag:stardog:api:zaita;2;17799;64,06 %
tag:stardog:api:hanna_arendt;2;17801;64,07 %
tag:stardog:api:cd4;2;17803;64,08 %
tag:stardog:api:umaria;2;17805;64,08 %
tag:stardog:api:tassia_reis;2;17807;64,09 %
tag:stardog:api:welker;2;17809;64,10 %
tag:stardog:api:sepe_tiaraju;2;17811;64,11 %
tag:stardog:api:katz;2;17813;64,11 %
tag:stardog:api:e;2;17815;64,12 %
tag:stardog:api:laila_rosa;2;17817;64,13 %
tag:stardog:api:bugres;2;17819;64,13 %
tag:stardog:api:praxedes;2;17821;64,14 %
tag:stardog:api:mato_grosso__ifmt;2;17823;64,15 %
tag:stardog:api:tuhiwai_smith;2;17825;64,16 %
tag:stardog:api:soros;2;17827;64,16 %
tag:stardog:api:familia_fidelix;2;17829;64,17 %
tag:stardog:api:peter_burke;2;17831;64,18 %
tag:stardog:api:maria_lygia_quartim_de_moraes;2;17833;64,18 %
tag:stardog:api:cfemea;2;17835;64,19 %
tag:stardog:api:denetem_touam_bona;2;17837;64,20 %
tag:stardog:api:campina_de_pedra;2;17839;64,21 %
tag:stardog:api:dr_marcio_pascoal_cassandre;2;17841;64,21 %
tag:stardog:api:azeredo;2;17843;64,22 %
tag:stardog:api:bobbio;2;17845;64,23 %
tag:stardog:api:antonio_tabucchi;2;17847;64,23 %
tag:stardog:api:mayra_santosfebres;2;17849;64,24 %
tag:stardog:api:drogas;2;17851;64,25 %
tag:stardog:api:freirean;2;17853;64,26 %
tag:stardog:api:ramo_viii;2;17855;64,26 %
tag:stardog:api:correio_da_manha;2;17857;64,27 %
tag:stardog:api:charles_sanders_peirce;2;17859;64,28 %
tag:stardog:api:mastro;2;17861;64,29 %
tag:stardog:api:video_nas_aldeias;2;17863;64,29 %
tag:stardog:api:mayra_taiza_sulzbach;2;17865;64,30 %
tag:stardog:api:d2;2;17867;64,31 %
tag:stardog:api:rondon;2;17869;64,31 %
tag:stardog:api:adriana_friedmann;2;17871;64,32 %
tag:stardog:api:michael;2;17873;64,33 %
tag:stardog:api:lehmann;2;17875;64,34 %
tag:stardog:api:maranhaos;2;17877;64,34 %
tag:stardog:api:toni_morrisons;2;17879;64,35 %
tag:stardog:api:po;2;17881;64,36 %
tag:stardog:api:lindinalva_silva_oliveira;2;17883;64,36 %
tag:stardog:api:l;2;17885;64,37 %
tag:stardog:api:perronemoises;2;17887;64,38 %
tag:stardog:api:memmi;2;17889;64,39 %
tag:stardog:api:patrimonio_cultural_e_imaterial;2;17891;64,39 %
tag:stardog:api:alessandra_devulsky;2;17893;64,40 %
tag:stardog:api:araucaria_angustifolia;2;17895;64,41 %
tag:stardog:api:choppin;2;17897;64,41 %
tag:stardog:api:weigel;2;17899;64,42 %
tag:stardog:api:analise_de_discurso_critica;2;17901;64,43 %
tag:stardog:api:ainda;2;17903;64,44 %
tag:stardog:api:gini;2;17905;64,44 %
tag:stardog:api:pereira_passos;2;17907;64,45 %
tag:stardog:api:direitos;2;17909;64,46 %
tag:stardog:api:abramowicz;2;17911;64,47 %
tag:stardog:api:ana_celia_da_silva;2;17913;64,47 %
tag:stardog:api:luiza_lobo;2;17915;64,48 %
tag:stardog:api:carlos_estevao_de_oliveira;2;17917;64,49 %
tag:stardog:api:kunangue;2;17919;64,49 %
tag:stardog:api:eliane_marques;2;17921;64,50 %
tag:stardog:api:potyguara;2;17923;64,51 %
tag:stardog:api:mead;2;17925;64,52 %
tag:stardog:api:agostinho_olavo;2;17927;64,52 %
tag:stardog:api:reviso_bibliogrfica;2;17929;64,53 %
tag:stardog:api:jose_bonifacio_de_andrada_e_silva;2;17931;64,54 %
tag:stardog:api:jacques;2;17933;64,54 %
tag:stardog:api:clara;2;17935;64,55 %
tag:stardog:api:semed;2;17937;64,56 %
tag:stardog:api:megacidades;2;17939;64,57 %
tag:stardog:api:heidegger;2;17941;64,57 %
tag:stardog:api:mestras;2;17943;64,58 %
tag:stardog:api:vania_rocha;2;17945;64,59 %
tag:stardog:api:piglia;2;17947;64,59 %
tag:stardog:api:rayza_nicacio;2;17949;64,60 %
tag:stardog:api:harris;2;17951;64,61 %
tag:stardog:api:haroldo_de_campos;2;17953;64,62 %
tag:stardog:api:newton;2;17955;64,62 %
tag:stardog:api:signorini;2;17957;64,63 %
tag:stardog:api:ricoeur;2;17959;64,64 %
tag:stardog:api:ana_paula_marques_beatocanato;2;17961;64,65 %
tag:stardog:api:ricardo_antunes;2;17963;64,65 %
tag:stardog:api:snpc;2;17965;64,66 %
tag:stardog:api:pierre_bordieu;2;17967;64,67 %
tag:stardog:api:linda_hogan;2;17969;64,67 %
tag:stardog:api:paula_gunn_allen;2;17971;64,68 %
tag:stardog:api:seda;2;17973;64,69 %
tag:stardog:api:curiel;2;17975;64,70 %
tag:stardog:api:lourenco;2;17977;64,70 %
tag:stardog:api:modesto_brocos;2;17979;64,71 %
tag:stardog:api:colegio_pedro_ii;2;17981;64,72 %
tag:stardog:api:mbembes;2;17983;64,72 %
tag:stardog:api:vieira_pinto;2;17985;64,73 %
tag:stardog:api:tiririca_dos_crioulos;2;17987;64,74 %
tag:stardog:api:eckert;2;17989;64,75 %
tag:stardog:api:annemarie_mol;2;17991;64,75 %
tag:stardog:api:cohn;2;17993;64,76 %
tag:stardog:api:holanda;2;17995;64,77 %
tag:stardog:api:contreras;2;17997;64,77 %
tag:stardog:api:marilda_c_cavalcanti;2;17999;64,78 %
tag:stardog:api:luiz_silva_cuti;2;18001;64,79 %
tag:stardog:api:bleger;2;18003;64,80 %
tag:stardog:api:secadi;2;18005;64,80 %
tag:stardog:api:frente;2;18007;64,81 %
tag:stardog:api:cesaire;2;18009;64,82 %
tag:stardog:api:lord;2;18011;64,83 %
tag:stardog:api:p;2;18013;64,83 %
tag:stardog:api:formacao_raizama;2;18015;64,84 %
tag:stardog:api:milton;2;18017;64,85 %
tag:stardog:api:candombl;2;18019;64,85 %
tag:stardog:api:jorge_larrosa_bondia;2;18021;64,86 %
tag:stardog:api:paraquett;2;18023;64,87 %
tag:stardog:api:buchi_emecheta;2;18025;64,88 %
tag:stardog:api:weinreich;2;18027;64,88 %
tag:stardog:api:shannonwiener;2;18029;64,89 %
tag:stardog:api:gilberto_velho;2;18031;64,90 %
tag:stardog:api:jurunas;2;18033;64,90 %
tag:stardog:api:alternaria_brassicicola;2;18035;64,91 %
tag:stardog:api:ouro;2;18037;64,92 %
tag:stardog:api:kochgrunberg;2;18039;64,93 %
tag:stardog:api:braco;2;18041;64,93 %
tag:stardog:api:3239;2;18043;64,94 %
tag:stardog:api:streck;2;18045;64,95 %
tag:stardog:api:noke_koi;2;18047;64,95 %
tag:stardog:api:ginga;2;18049;64,96 %
tag:stardog:api:terere;2;18051;64,97 %
tag:stardog:api:leolinda_daltro;2;18053;64,98 %
tag:stardog:api:sihd;2;18055;64,98 %
tag:stardog:api:g1;2;18057;64,99 %
tag:stardog:api:graziela_estela_fonseca_rodrigues;2;18059;65,00 %
tag:stardog:api:bott;2;18061;65,01 %
tag:stardog:api:xenia_franca;2;18063;65,01 %
tag:stardog:api:molefi_kete_asante;2;18065;65,02 %
tag:stardog:api:pba;2;18067;65,03 %
tag:stardog:api:carneiro_da_cunha;2;18069;65,03 %
tag:stardog:api:emanoel_araujo;2;18071;65,04 %
tag:stardog:api:saidiya_hartman;2;18073;65,05 %
tag:stardog:api:itapipoca;2;18075;65,06 %
tag:stardog:api:francoise_verges;2;18077;65,06 %
tag:stardog:api:fernando_lefevre;2;18079;65,07 %
tag:stardog:api:schachter;2;18081;65,08 %
tag:stardog:api:petronilha;2;18083;65,08 %
tag:stardog:api:braun;2;18085;65,09 %
tag:stardog:api:shiguenoli_miyamoto;2;18087;65,10 %
tag:stardog:api:marcel_mauss;2;18089;65,11 %
tag:stardog:api:poeta;2;18091;65,11 %
tag:stardog:api:antonio_carlos_de_souza_lima;2;18093;65,12 %
tag:stardog:api:rondonopolis;2;18095;65,13 %
tag:stardog:api:carolina_de_jesus;2;18097;65,13 %
tag:stardog:api:judith_butlers;2;18099;65,14 %
tag:stardog:api:tricia_rose;2;18101;65,15 %
tag:stardog:api:sitio_dos_caboclos;2;18103;65,16 %
tag:stardog:api:rosario_fusco;2;18105;65,16 %
tag:stardog:api:huberman;2;18107;65,17 %
tag:stardog:api:pacheco;2;18109;65,18 %
tag:stardog:api:ketaa;2;18111;65,18 %
tag:stardog:api:geraldi;2;18113;65,19 %
tag:stardog:api:steiner;2;18115;65,20 %
tag:stardog:api:wole_soyinka;2;18117;65,21 %
tag:stardog:api:helal;2;18119;65,21 %
tag:stardog:api:eduardo_jose_marandola_junior;2;18121;65,22 %
tag:stardog:api:gersem_baniwa;2;18123;65,23 %
tag:stardog:api:kcal;2;18125;65,24 %
tag:stardog:api:interacao;2;18127;65,24 %
tag:stardog:api:varnhagen;2;18129;65,25 %
tag:stardog:api:goldman;2;18131;65,26 %
tag:stardog:api:paula_caleffi;2;18133;65,26 %
tag:stardog:api:linnaeus;2;18135;65,27 %
tag:stardog:api:antonio_vinao_frago;2;18137;65,28 %
tag:stardog:api:angolas;2;18139;65,29 %
tag:stardog:api:viso;2;18141;65,29 %
tag:stardog:api:treze;2;18143;65,30 %
tag:stardog:api:garcas;2;18145;65,31 %
tag:stardog:api:cesar;2;18147;65,31 %
tag:stardog:api:chervel;2;18149;65,32 %
tag:stardog:api:nissl;2;18151;65,33 %
tag:stardog:api:amparo;2;18153;65,34 %
tag:stardog:api:exus;2;18155;65,34 %
tag:stardog:api:camara_junior;2;18157;65,35 %
tag:stardog:api:john_monteiro;2;18159;65,36 %
tag:stardog:api:laklano_xokleng;2;18161;65,36 %
tag:stardog:api:sartre;2;18163;65,37 %
tag:stardog:api:joly;2;18165;65,38 %
tag:stardog:api:manzo_ngunzo_kaiango;2;18167;65,39 %
tag:stardog:api:marielle_franco;2;18169;65,39 %
tag:stardog:api:santidades_amerindias;2;18171;65,40 %
tag:stardog:api:libaneo;2;18173;65,41 %
tag:stardog:api:neaa;2;18175;65,42 %
tag:stardog:api:sakamoto;2;18177;65,42 %
tag:stardog:api:dom_jose_brandao_de_castro;2;18179;65,43 %
tag:stardog:api:lalonde;2;18181;65,44 %
tag:stardog:api:nao_xoha;2;18183;65,44 %
tag:stardog:api:profa_dra_martha_daisson_hameister;2;18185;65,45 %
tag:stardog:api:rezende;2;18187;65,46 %
tag:stardog:api:lattes;2;18189;65,47 %
tag:stardog:api:lukacs;2;18191;65,47 %
tag:stardog:api:maria_ines_de_freitas;2;18193;65,48 %
tag:stardog:api:vp;2;18195;65,49 %
tag:stardog:api:isaias_caminha;2;18197;65,49 %
tag:stardog:api:souza_breves;2;18199;65,50 %
tag:stardog:api:silviano_santiago;2;18201;65,51 %
tag:stardog:api:neide_gondim;2;18203;65,52 %
tag:stardog:api:proeja;2;18205;65,52 %
tag:stardog:api:cecilia_maria_westphalen;2;18207;65,53 %
tag:stardog:api:sonia_guajajara;2;18209;65,54 %
tag:stardog:api:jorge;2;18211;65,54 %
tag:stardog:api:lise_vogel;2;18213;65,55 %
tag:stardog:api:raimunda;2;18215;65,56 %
tag:stardog:api:miguel;2;18217;65,57 %
tag:stardog:api:fredric_jameson;2;18219;65,57 %
tag:stardog:api:denzin;2;18221;65,58 %
tag:stardog:api:jovina_souza;2;18223;65,59 %
tag:stardog:api:alberto_melucci;2;18225;65,60 %
tag:stardog:api:bahian;2;18227;65,60 %
tag:stardog:api:mario_filho;2;18229;65,61 %
tag:stardog:api:winnie_bueno;2;18231;65,62 %
tag:stardog:api:armoraciae;2;18233;65,62 %
tag:stardog:api:carlos_brandao;2;18235;65,63 %
tag:stardog:api:aedes_aegypti;2;18237;65,64 %
tag:stardog:api:nespor;2;18239;65,65 %
tag:stardog:api:ana_claudia_de_oliveira;2;18241;65,65 %
tag:stardog:api:silva_junior;2;18243;65,66 %
tag:stardog:api:valeriano_mendes_ferreira_costa;2;18245;65,67 %
tag:stardog:api:peirano;2;18247;65,67 %
tag:stardog:api:pseudomonas;2;18249;65,68 %
tag:stardog:api:tania_maria_baibichfaria;2;18251;65,69 %
tag:stardog:api:baruch_spinoza;2;18253;65,70 %
tag:stardog:api:mel;2;18255;65,70 %
tag:stardog:api:luigi_ferrajoli;2;18257;65,71 %
tag:stardog:api:upe;2;18259;65,72 %
tag:stardog:api:jorge_ben;2;18261;65,72 %
tag:stardog:api:pesquisa_acaoparticipacao;2;18263;65,73 %
tag:stardog:api:fernao_cardim;2;18265;65,74 %
tag:stardog:api:lam;2;18267;65,75 %
tag:stardog:api:neira;2;18269;65,75 %
tag:stardog:api:hemiptera;2;18271;65,76 %
tag:stardog:api:tais_araujo;2;18273;65,77 %
tag:stardog:api:querem_nos_calar;2;18275;65,78 %
tag:stardog:api:creswell;2;18277;65,78 %
tag:stardog:api:trf;2;18279;65,79 %
tag:stardog:api:rasa;2;18281;65,80 %
tag:stardog:api:strongyloides;2;18283;65,80 %
tag:stardog:api:binomial;2;18285;65,81 %
tag:stardog:api:maria_kerexu;2;18287;65,82 %
tag:stardog:api:jacques_lacan;2;18289;65,83 %
tag:stardog:api:feijao;2;18291;65,83 %
tag:stardog:api:dalcastagne;2;18293;65,84 %
tag:stardog:api:hermetia;2;18295;65,85 %
tag:stardog:api:galibi_kalina;2;18297;65,85 %
tag:stardog:api:vilem_flusser;2;18299;65,86 %
tag:stardog:api:vanda_machado;2;18301;65,87 %
tag:stardog:api:passeron;2;18303;65,88 %
tag:stardog:api:casai_cuiaba;2;18305;65,88 %
tag:stardog:api:doenca;2;18307;65,89 %
tag:stardog:api:apgar;2;18309;65,90 %
tag:stardog:api:afranio_peixoto;2;18311;65,90 %
tag:stardog:api:johan_huizinga;2;18313;65,91 %
tag:stardog:api:kalabaca;2;18315;65,92 %
tag:stardog:api:michael_hardt;2;18317;65,93 %
tag:stardog:api:escrava_isaura;2;18319;65,93 %
tag:stardog:api:caputo;2;18321;65,94 %
tag:stardog:api:vanessa_lea;2;18323;65,95 %
tag:stardog:api:observouse;2;18325;65,96 %
tag:stardog:api:familia_silva;2;18327;65,96 %
tag:stardog:api:escrava;2;18329;65,97 %
tag:stardog:api:chaim_perelman;2;18331;65,98 %
tag:stardog:api:secchi;2;18333;65,98 %
tag:stardog:api:jose_verissimo;2;18335;65,99 %
tag:stardog:api:sm;2;18337;66,00 %
tag:stardog:api:bertoni;2;18339;66,01 %
tag:stardog:api:chai;2;18341;66,01 %
tag:stardog:api:deputado_federal;2;18343;66,02 %
tag:stardog:api:fausto;2;18345;66,03 %
tag:stardog:api:mehta;2;18347;66,03 %
tag:stardog:api:stephen_j_ball;2;18349;66,04 %
tag:stardog:api:martha;2;18351;66,05 %
tag:stardog:api:wilkens;2;18353;66,06 %
tag:stardog:api:katia_maria_kasper;2;18355;66,06 %
tag:stardog:api:g_citricarpa;2;18357;66,07 %
tag:stardog:api:rolnik;2;18359;66,08 %
tag:stardog:api:simmel;2;18361;66,08 %
tag:stardog:api:sesmaria_boa_vida;2;18363;66,09 %
tag:stardog:api:valentim;2;18365;66,10 %
tag:stardog:api:tourinho;2;18367;66,11 %
tag:stardog:api:dangelis;2;18369;66,11 %
tag:stardog:api:ofaye;2;18371;66,12 %
tag:stardog:api:john_locke;2;18373;66,13 %
tag:stardog:api:livia_maria_natalia_de_souza;2;18375;66,14 %
tag:stardog:api:sinasc;2;18377;66,14 %
tag:stardog:api:bronfenbrenner;2;18379;66,15 %
tag:stardog:api:gois;2;18381;66,16 %
tag:stardog:api:napepe;2;18383;66,16 %
tag:stardog:api:liane_schneider;2;18385;66,17 %
tag:stardog:api:perrenoud;2;18387;66,18 %
tag:stardog:api:veron;2;18389;66,19 %
tag:stardog:api:eduardo_coutinho;2;18391;66,19 %
tag:stardog:api:reforma_agraria;2;18393;66,20 %
tag:stardog:api:ratts;2;18395;66,21 %
tag:stardog:api:stratiomyidae;2;18397;66,21 %
tag:stardog:api:dr_nelson_rosario_de_souza;2;18399;66,22 %
tag:stardog:api:arsenio_oswaldo_seva_filho;2;18401;66,23 %
tag:stardog:api:hengeveld;2;18403;66,24 %
tag:stardog:api:enterobius;2;18405;66,24 %
tag:stardog:api:nanderu;2;18407;66,25 %
tag:stardog:api:pombagira;2;18409;66,26 %
tag:stardog:api:trifloxistrobina;2;18411;66,26 %
tag:stardog:api:amadou_hampate;2;18413;66,27 %
tag:stardog:api:erickson;2;18415;66,28 %
tag:stardog:api:capistrano_de_abreu;2;18417;66,29 %
tag:stardog:api:francisco_elinaldo_teixeira;2;18419;66,29 %
tag:stardog:api:pec;2;18421;66,30 %
tag:stardog:api:consciencia_negra;2;18423;66,31 %
tag:stardog:api:pa_nonh_mag;2;18425;66,32 %
tag:stardog:api:clarice_cohn;2;18427;66,32 %
tag:stardog:api:maria_da_gloria_gohn;2;18429;66,33 %
tag:stardog:api:canto;2;18431;66,34 %
tag:stardog:api:ahmed;2;18433;66,34 %
tag:stardog:api:vladimir_safatle;2;18435;66,35 %
tag:stardog:api:luciana_ferreira_tatagiba;2;18437;66,36 %
tag:stardog:api:imc25kg;2;18439;66,37 %
tag:stardog:api:achebe;2;18441;66,37 %
tag:stardog:api:iny_karaja;2;18443;66,38 %
tag:stardog:api:ligia_maria_osorio_silva;2;18445;66,39 %
tag:stardog:api:maria_martins;2;18447;66,39 %
tag:stardog:api:ulrich_beck;2;18449;66,40 %
tag:stardog:api:pari_passu;2;18451;66,41 %
tag:stardog:api:teofilo_otoni;2;18453;66,42 %
tag:stardog:api:descolonizar;2;18455;66,42 %
tag:stardog:api:nina_virginia_de_araujo_leite;2;18457;66,43 %
tag:stardog:api:martin_barbero;2;18459;66,44 %
tag:stardog:api:traca;2;18461;66,44 %
tag:stardog:api:james;2;18463;66,45 %
tag:stardog:api:granovetter;2;18465;66,46 %
tag:stardog:api:gluckman;2;18467;66,47 %
tag:stardog:api:kepleriano;2;18469;66,47 %
tag:stardog:api:borba;2;18471;66,48 %
tag:stardog:api:barnes;2;18473;66,49 %
tag:stardog:api:lin;2;18475;66,50 %
tag:stardog:api:maria_bernadete_abaurre;2;18477;66,50 %
tag:stardog:api:mogi_guacu;2;18479;66,51 %
tag:stardog:api:nisio_gomes;2;18481;66,52 %
tag:stardog:api:bataille;2;18483;66,52 %
tag:stardog:api:matos;2;18485;66,53 %
tag:stardog:api:2019b;2;18487;66,54 %
tag:stardog:api:macumba;2;18489;66,55 %
tag:stardog:api:luis_gonzaga;2;18491;66,55 %
tag:stardog:api:henrique_cunha_jr;2;18493;66,56 %
tag:stardog:api:dona_ana;2;18495;66,57 %
tag:stardog:api:langston_hughes;2;18497;66,57 %
tag:stardog:api:ducke;2;18499;66,58 %
tag:stardog:api:silvia_rivera_cusicanqui;2;18501;66,59 %
tag:stardog:api:jodelet;2;18503;66,60 %
tag:stardog:api:opara;2;18505;66,60 %
tag:stardog:api:greimas;2;18507;66,61 %
tag:stardog:api:tabacaria;2;18509;66,62 %
tag:stardog:api:acacianegra;2;18511;66,62 %
tag:stardog:api:luis_inacio_lula_da_silva;2;18513;66,63 %
tag:stardog:api:mel_adun;2;18515;66,64 %
tag:stardog:api:althusser;2;18517;66,65 %
tag:stardog:api:elizabeth;2;18519;66,65 %
tag:stardog:api:tambm;2;18521;66,66 %
tag:stardog:api:getulino;2;18523;66,67 %
tag:stardog:api:ana_claudia_lemos_pacheco;2;18525;66,68 %
tag:stardog:api:aparecida_de_jesus_ferreira;2;18527;66,68 %
tag:stardog:api:tzotzil;2;18529;66,69 %
tag:stardog:api:saraiva;2;18531;66,70 %
tag:stardog:api:angico;2;18533;66,70 %
tag:stardog:api:fernando_ortiz;2;18535;66,71 %
tag:stardog:api:seyferth;2;18537;66,72 %
tag:stardog:api:banda;2;18539;66,73 %
tag:stardog:api:bastide;2;18541;66,73 %
tag:stardog:api:wortham;2;18543;66,74 %
tag:stardog:api:luiz;2;18545;66,75 %
tag:stardog:api:edward_p_thompson;2;18547;66,75 %
tag:stardog:api:imprensa_negra;2;18549;66,76 %
tag:stardog:api:piccoli;2;18551;66,77 %
tag:stardog:api:francois_hartog;2;18553;66,78 %
tag:stardog:api:euclides_da_cunha;2;18555;66,78 %
tag:stardog:api:rabaka;2;18557;66,79 %
tag:stardog:api:pimentel_da_silva;2;18559;66,80 %
tag:stardog:api:vivir_bien;2;18561;66,80 %
tag:stardog:api:sobradinho;2;18563;66,81 %
tag:stardog:api:emilia_viotti_da_costa;2;18565;66,82 %
tag:stardog:api:giraldin;2;18567;66,83 %
tag:stardog:api:marinho;1;18568;66,83 %
tag:stardog:api:mocambiqueiros;1;18569;66,83 %
tag:stardog:api:leandro;1;18570;66,84 %
tag:stardog:api:historiciza;1;18571;66,84 %
tag:stardog:api:pupunha_palm;1;18572;66,84 %
tag:stardog:api:carlos_alberto_medeiros_de_lima;1;18573;66,85 %
tag:stardog:api:ana_maria_dietrich;1;18574;66,85 %
tag:stardog:api:jose_maria;1;18575;66,86 %
tag:stardog:api:paul_ricoeurs;1;18576;66,86 %
tag:stardog:api:ile_de_xango_obagodo;1;18577;66,86 %
tag:stardog:api:tarassovi;1;18578;66,87 %
tag:stardog:api:ojejapo_kuri_jehecha_rupive;1;18579;66,87 %
tag:stardog:api:guterres;1;18580;66,87 %
tag:stardog:api:pedro_de_aguado;1;18581;66,88 %
tag:stardog:api:106392003;1;18582;66,88 %
tag:stardog:api:histochemical;1;18583;66,88 %
tag:stardog:api:ponderar_sobre;1;18584;66,89 %
tag:stardog:api:martha_nussbaums;1;18585;66,89 %
tag:stardog:api:basese;1;18586;66,89 %
tag:stardog:api:paulo_colina;1;18587;66,90 %
tag:stardog:api:michelle_bocchi_goncalves;1;18588;66,90 %
tag:stardog:api:jordania_de_araujo_souza;1;18589;66,91 %
tag:stardog:api:frente_evangelica_pela_legalizacao;1;18590;66,91 %
tag:stardog:api:luis_antonio_simas;1;18591;66,91 %
tag:stardog:api:choay;1;18592;66,92 %
tag:stardog:api:doencade_parkinson;1;18593;66,92 %
tag:stardog:api:ates;1;18594;66,92 %
tag:stardog:api:richard_stengel;1;18595;66,93 %
tag:stardog:api:tfg;1;18596;66,93 %
tag:stardog:api:lauro_wanderley;1;18597;66,93 %
tag:stardog:api:jari;1;18598;66,94 %
tag:stardog:api:augusto_rabelo_da_paixao;1;18599;66,94 %
tag:stardog:api:simone_browne;1;18600;66,95 %
tag:stardog:api:quilombo_damasio;1;18601;66,95 %
tag:stardog:api:arnold_vann_gennep;1;18602;66,95 %
tag:stardog:api:xamoi_alcindo_wera;1;18603;66,96 %
tag:stardog:api:lasso;1;18604;66,96 %
tag:stardog:api:isabela;1;18605;66,96 %
tag:stardog:api:monopolo_global;1;18606;66,97 %
tag:stardog:api:grada_kilombra;1;18607;66,97 %
tag:stardog:api:quilombola_mato_do_ticao;1;18608;66,97 %
tag:stardog:api:chakana;1;18609;66,98 %
tag:stardog:api:gradua;1;18610;66,98 %
tag:stardog:api:rocha_e_souza;1;18611;66,98 %
tag:stardog:api:wel;1;18612;66,99 %
tag:stardog:api:maria_teresa_chaves_facanha;1;18613;66,99 %
tag:stardog:api:fidelis_dalcin_aloe;1;18614;67,00 %
tag:stardog:api:i_iguana;1;18615;67,00 %
tag:stardog:api:batotaka;1;18616;67,00 %
tag:stardog:api:fritjof_capra;1;18617;67,01 %
tag:stardog:api:a_conquista_da_alforria;1;18618;67,01 %
tag:stardog:api:zita_rosane_possamai;1;18619;67,01 %
tag:stardog:api:lei_afonso_arinos;1;18620;67,02 %
tag:stardog:api:tsitsi_ella_jaji;1;18621;67,02 %
tag:stardog:api:periodo_metarracial_ditatorial;1;18622;67,02 %
tag:stardog:api:maristela_rossato;1;18623;67,03 %
tag:stardog:api:arthur_kleinman;1;18624;67,03 %
tag:stardog:api:articulao;1;18625;67,03 %
tag:stardog:api:pbrack;1;18626;67,04 %
tag:stardog:api:capulanas_cia_de_arte_negra;1;18627;67,04 %
tag:stardog:api:staiger;1;18628;67,05 %
tag:stardog:api:germaine_acogny;1;18629;67,05 %
tag:stardog:api:elsa_dorlin;1;18630;67,05 %
tag:stardog:api:duarte__matos;1;18631;67,06 %
tag:stardog:api:lillis;1;18632;67,06 %
tag:stardog:api:nzinga_mbandi;1;18633;67,06 %
tag:stardog:api:fernandez_prieto;1;18634;67,07 %
tag:stardog:api:petronilla_beatriz_goncalves_e_silva;1;18635;67,07 %
tag:stardog:api:afonso_arinos_de_melo_franco;1;18636;67,07 %
tag:stardog:api:oxigenio_dissolvido;1;18637;67,08 %
tag:stardog:api:wai_mahsa;1;18638;67,08 %
tag:stardog:api:foi_investigado;1;18639;67,09 %
tag:stardog:api:boudon;1;18640;67,09 %
tag:stardog:api:joao_baptista_lacerda;1;18641;67,09 %
tag:stardog:api:escrevivencia_de_conceicao_evaristo;1;18642;67,10 %
tag:stardog:api:cristina_ribeiro;1;18643;67,10 %
tag:stardog:api:joao_colares_de_mota_neto;1;18644;67,10 %
tag:stardog:api:lazarin;1;18645;67,11 %
tag:stardog:api:escritovencias;1;18646;67,11 %
tag:stardog:api:antonio_sergio_ramalho;1;18647;67,11 %
tag:stardog:api:aegla_paulensis;1;18648;67,12 %
tag:stardog:api:vilma_maria_dos_santos_reis;1;18649;67,12 %
tag:stardog:api:jornalista_negra;1;18650;67,12 %
tag:stardog:api:midazolam;1;18651;67,13 %
tag:stardog:api:goldshmith;1;18652;67,13 %
tag:stardog:api:jose_de_anchietain;1;18653;67,14 %
tag:stardog:api:schueler;1;18654;67,14 %
tag:stardog:api:hallidays_lsf;1;18655;67,14 %
tag:stardog:api:marcelo_weishaupt_proni;1;18656;67,15 %
tag:stardog:api:cabomba_furcata_schult;1;18657;67,15 %
tag:stardog:api:irmandade_de_sao_benedito_de_itu;1;18658;67,15 %
tag:stardog:api:cemiterio;1;18659;67,16 %
tag:stardog:api:casa_de_saude_do_indio_de_manaus;1;18660;67,16 %
tag:stardog:api:stock;1;18661;67,16 %
tag:stardog:api:socio;1;18662;67,17 %
tag:stardog:api:paulinho_da_viola;1;18663;67,17 %
tag:stardog:api:carmen_lucia_soares;1;18664;67,18 %
tag:stardog:api:koa_temikoteve_rovake;1;18665;67,18 %
tag:stardog:api:roberto_atila;1;18666;67,18 %
tag:stardog:api:lei_1063903;1;18667;67,19 %
tag:stardog:api:fim;1;18668;67,19 %
tag:stardog:api:gimba;1;18669;67,19 %
tag:stardog:api:raoul_peck;1;18670;67,20 %
tag:stardog:api:ra_howard;1;18671;67,20 %
tag:stardog:api:paulo_de_barros_carvalho;1;18672;67,20 %
tag:stardog:api:serra_da_bolivia;1;18673;67,21 %
tag:stardog:api:cronbachs;1;18674;67,21 %
tag:stardog:api:cameron;1;18675;67,21 %
tag:stardog:api:skerret;1;18676;67,22 %
tag:stardog:api:louise_queiroz;1;18677;67,22 %
tag:stardog:api:jerome_baschet;1;18678;67,23 %
tag:stardog:api:coudreau;1;18679;67,23 %
tag:stardog:api:interpretivism;1;18680;67,23 %
tag:stardog:api:nalo_hopkinson;1;18681;67,24 %
tag:stardog:api:berta_becker;1;18682;67,24 %
tag:stardog:api:aproveitamento_da_agua_de_cozimento_e_o;1;18683;67,24 %
tag:stardog:api:paolo_jedlowski;1;18684;67,25 %
tag:stardog:api:maria_de_jesus_pompeu_indigenous_school;1;18685;67,25 %
tag:stardog:api:s_aureus;1;18686;67,25 %
tag:stardog:api:leff;1;18687;67,26 %
tag:stardog:api:schein;1;18688;67,26 %
tag:stardog:api:afonso_botelho_s_palo;1;18689;67,27 %
tag:stardog:api:mario_sette;1;18690;67,27 %
tag:stardog:api:irmandade_nossa_senhora_do_rosario_do_jatoba;1;18691;67,27 %
tag:stardog:api:policarpo_quaresma;1;18692;67,28 %
tag:stardog:api:bastioes;1;18693;67,28 %
tag:stardog:api:ent_re;1;18694;67,28 %
tag:stardog:api:arritu;1;18695;67,29 %
tag:stardog:api:vanessa_gabassa;1;18696;67,29 %
tag:stardog:api:glicose;1;18697;67,29 %
tag:stardog:api:nash;1;18698;67,30 %
tag:stardog:api:estudo_acerca;1;18699;67,30 %
tag:stardog:api:gerd_bornheim;1;18700;67,30 %
tag:stardog:api:primeira_infancia;1;18701;67,31 %
tag:stardog:api:raposo;1;18702;67,31 %
tag:stardog:api:grabens;1;18703;67,32 %
tag:stardog:api:levene;1;18704;67,32 %
tag:stardog:api:agaricus;1;18705;67,32 %
tag:stardog:api:auricelia_arapiun;1;18706;67,33 %
tag:stardog:api:victor_hugo_leite_de_aquino;1;18707;67,33 %
tag:stardog:api:politicas_publicas_sociais;1;18708;67,33 %
tag:stardog:api:joaze_bernardino_costa;1;18709;67,34 %
tag:stardog:api:quilombo_poca;1;18710;67,34 %
tag:stardog:api:sobrinho;1;18711;67,34 %
tag:stardog:api:corresponderam;1;18712;67,35 %
tag:stardog:api:eliana_alvez_cruz;1;18713;67,35 %
tag:stardog:api:voce_esqueceu;1;18714;67,36 %
tag:stardog:api:da_orientacao;1;18715;67,36 %
tag:stardog:api:maria_rita;1;18716;67,36 %
tag:stardog:api:kiran_desai;1;18717;67,37 %
tag:stardog:api:tukamo;1;18718;67,37 %
tag:stardog:api:jose_manoel_carneiro_da_silva;1;18719;67,37 %
tag:stardog:api:lysinibacillus_sp;1;18720;67,38 %
tag:stardog:api:jesus_moura;1;18721;67,38 %
tag:stardog:api:psathyromyia_campograndensis;1;18722;67,38 %
tag:stardog:api:familia_real;1;18723;67,39 %
tag:stardog:api:marcia_abreu;1;18724;67,39 %
tag:stardog:api:percebeuse;1;18725;67,39 %
tag:stardog:api:rich;1;18726;67,40 %
tag:stardog:api:kmila_cdd;1;18727;67,40 %
tag:stardog:api:m_merleauponty;1;18728;67,41 %
tag:stardog:api:laudelina_de_campos_melo;1;18729;67,41 %
tag:stardog:api:salish;1;18730;67,41 %
tag:stardog:api:the_projetos_extraescolares;1;18731;67,42 %
tag:stardog:api:ergologia;1;18732;67,42 %
tag:stardog:api:grace_nichols;1;18733;67,42 %
tag:stardog:api:mortalidade_materna;1;18734;67,43 %
tag:stardog:api:cadogan;1;18735;67,43 %
tag:stardog:api:jose_de_acosta;1;18736;67,43 %
tag:stardog:api:marcel_martin;1;18737;67,44 %
tag:stardog:api:comissao_rodon;1;18738;67,44 %
tag:stardog:api:elionado_julio;1;18739;67,45 %
tag:stardog:api:danielle_malheiros;1;18740;67,45 %
tag:stardog:api:chiquitos;1;18741;67,45 %
tag:stardog:api:aleurocanthus;1;18742;67,46 %
tag:stardog:api:greenberg;1;18743;67,46 %
tag:stardog:api:upe_marandeko_pukukue;1;18744;67,46 %
tag:stardog:api:l_melanops;1;18745;67,47 %
tag:stardog:api:deborah_gray_white;1;18746;67,47 %
tag:stardog:api:palmeiras_antifascista;1;18747;67,47 %
tag:stardog:api:nomadism;1;18748;67,48 %
tag:stardog:api:craveiros;1;18749;67,48 %
tag:stardog:api:marta_kalunga;1;18750;67,48 %
tag:stardog:api:eneida_martins;1;18751;67,49 %
tag:stardog:api:ana_maria_de_campos;1;18752;67,49 %
tag:stardog:api:influencia_decisiva;1;18753;67,50 %
tag:stardog:api:bossa_negra;1;18754;67,50 %
tag:stardog:api:ferdinand_denis;1;18755;67,50 %
tag:stardog:api:carboidrato;1;18756;67,51 %
tag:stardog:api:polimero;1;18757;67,51 %
tag:stardog:api:galbialti;1;18758;67,51 %
tag:stardog:api:drosophilinae;1;18759;67,52 %
tag:stardog:api:margarida_da_silva_duarte;1;18760;67,52 %
tag:stardog:api:alberto_pucheu;1;18761;67,52 %
tag:stardog:api:apresentarammenor;1;18762;67,53 %
tag:stardog:api:p_arboreum;1;18763;67,53 %
tag:stardog:api:mayara_petruso;1;18764;67,54 %
tag:stardog:api:linda_tuhiwai_smith;1;18765;67,54 %
tag:stardog:api:saul;1;18766;67,54 %
tag:stardog:api:cac;1;18767;67,55 %
tag:stardog:api:gilvan_lemos;1;18768;67,55 %
tag:stardog:api:manoel_rufino;1;18769;67,55 %
tag:stardog:api:maria_nazare_lima;1;18770;67,56 %
tag:stardog:api:aethalometer;1;18771;67,56 %
tag:stardog:api:politicas_de_permanencia;1;18772;67,56 %
tag:stardog:api:priscilla_ferguson;1;18773;67,57 %
tag:stardog:api:xacuntala_reconhecida_de_kalidasa;1;18774;67,57 %
tag:stardog:api:artiguaye;1;18775;67,57 %
tag:stardog:api:retorno;1;18776;67,58 %
tag:stardog:api:thais_nivea_fonseca;1;18777;67,58 %
tag:stardog:api:jose_ribamar_bessa_freire;1;18778;67,59 %
tag:stardog:api:ibea;1;18779;67,59 %
tag:stardog:api:civilisation;1;18780;67,59 %
tag:stardog:api:abulughod;1;18781;67,60 %
tag:stardog:api:jose_mauricio_arruti;1;18782;67,60 %
tag:stardog:api:philip_ewell;1;18783;67,60 %
tag:stardog:api:javem;1;18784;67,61 %
tag:stardog:api:yony_de_sa_barreto_sampaio;1;18785;67,61 %
tag:stardog:api:di_cavalcanti;1;18786;67,61 %
tag:stardog:api:fato_indigena;1;18787;67,62 %
tag:stardog:api:ficamos_amigas;1;18788;67,62 %
tag:stardog:api:galileus;1;18789;67,63 %
tag:stardog:api:de_la_cadena;1;18790;67,63 %
tag:stardog:api:amacio_mazzaropi;1;18791;67,63 %
tag:stardog:api:sociogenese_fanoniana;1;18792;67,64 %
tag:stardog:api:composer;1;18793;67,64 %
tag:stardog:api:harney;1;18794;67,64 %
tag:stardog:api:deparado;1;18795;67,65 %
tag:stardog:api:kuhlmann;1;18796;67,65 %
tag:stardog:api:citric_acid;1;18797;67,65 %
tag:stardog:api:lidia_besouchet;1;18798;67,66 %
tag:stardog:api:michel_maffesoli_s;1;18799;67,66 %
tag:stardog:api:selva_fonseca;1;18800;67,66 %
tag:stardog:api:fecn63fecn64;1;18801;67,67 %
tag:stardog:api:re_nhembo_eaty;1;18802;67,67 %
tag:stardog:api:andria_caroline_angelo_santin;1;18803;67,68 %
tag:stardog:api:chaguinhas;1;18804;67,68 %
tag:stardog:api:na_noite;1;18805;67,68 %
tag:stardog:api:sato;1;18806;67,69 %
tag:stardog:api:antonio_fernandes_amorim;1;18807;67,69 %
tag:stardog:api:inacio_martins;1;18808;67,69 %
tag:stardog:api:dunnel;1;18809;67,70 %
tag:stardog:api:izabel_magalhaes;1;18810;67,70 %
tag:stardog:api:pintura_corporal_karaja;1;18811;67,70 %
tag:stardog:api:tata;1;18812;67,71 %
tag:stardog:api:meimei_basto;1;18813;67,71 %
tag:stardog:api:queila_regina_souza_matitz;1;18814;67,72 %
tag:stardog:api:corumbataia_cuestae;1;18815;67,72 %
tag:stardog:api:nandareko;1;18816;67,72 %
tag:stardog:api:sontag;1;18817;67,73 %
tag:stardog:api:adriana_vasconcelos;1;18818;67,73 %
tag:stardog:api:aimee_bolanos;1;18819;67,73 %
tag:stardog:api:makusi;1;18820;67,74 %
tag:stardog:api:pronaf;1;18821;67,74 %
tag:stardog:api:grubbs;1;18822;67,74 %
tag:stardog:api:aric;1;18823;67,75 %
tag:stardog:api:ativo_comercio;1;18824;67,75 %
tag:stardog:api:edio_soares;1;18825;67,75 %
tag:stardog:api:c_r_hallpike;1;18826;67,76 %
tag:stardog:api:sunday_babalola;1;18827;67,76 %
tag:stardog:api:durante_os_meses_de_dezembro_de;1;18828;67,77 %
tag:stardog:api:criterios_cronologico;1;18829;67,77 %
tag:stardog:api:filiase;1;18830;67,77 %
tag:stardog:api:gloria_diogenes;1;18831;67,78 %
tag:stardog:api:moreira_e_silva;1;18832;67,78 %
tag:stardog:api:ado_malagolli;1;18833;67,78 %
tag:stardog:api:cayapo_damiana_da_cunha;1;18834;67,79 %
tag:stardog:api:joaquin_nabuco;1;18835;67,79 %
tag:stardog:api:b_junceaaccessions;1;18836;67,79 %
tag:stardog:api:apud_berth;1;18837;67,80 %
tag:stardog:api:circe_maria_fernandes_bittencourt;1;18838;67,80 %
tag:stardog:api:gustave_le_bon;1;18839;67,81 %
tag:stardog:api:torres_maldonato;1;18840;67,81 %
tag:stardog:api:dias_e_alencar;1;18841;67,81 %
tag:stardog:api:adelson_lopes;1;18842;67,82 %
tag:stardog:api:virgem_imaculada_conceicao;1;18843;67,82 %
tag:stardog:api:bebidas_de_soja_preta;1;18844;67,82 %
tag:stardog:api:joaquim_de_salles_torres_homem;1;18845;67,83 %
tag:stardog:api:martirio;1;18846;67,83 %
tag:stardog:api:matematica_da_turma;1;18847;67,83 %
tag:stardog:api:ayobami_adebayo;1;18848;67,84 %
tag:stardog:api:semsa;1;18849;67,84 %
tag:stardog:api:jurema_sagrada;1;18850;67,84 %
tag:stardog:api:emanoel_araujos;1;18851;67,85 %
tag:stardog:api:leite_de_brito;1;18852;67,85 %
tag:stardog:api:jeveau;1;18853;67,86 %
tag:stardog:api:tsukasa_uyetsuka;1;18854;67,86 %
tag:stardog:api:priscila_da_matta;1;18855;67,86 %
tag:stardog:api:claudia_valladao_de_matos;1;18856;67,87 %
tag:stardog:api:dominick_lacapra;1;18857;67,87 %
tag:stardog:api:scarabaeidae;1;18858;67,87 %
tag:stardog:api:longing;1;18859;67,88 %
tag:stardog:api:avei_umi;1;18860;67,88 %
tag:stardog:api:sylvio_fausto;1;18861;67,88 %
tag:stardog:api:filipouski;1;18862;67,89 %
tag:stardog:api:kakumhu;1;18863;67,89 %
tag:stardog:api:pompadour;1;18864;67,90 %
tag:stardog:api:dr_alexandre_andre_nodari;1;18865;67,90 %
tag:stardog:api:catherine_malabou;1;18866;67,90 %
tag:stardog:api:amneris_angela_maroni;1;18867;67,91 %
tag:stardog:api:elena_favilli;1;18868;67,91 %
tag:stardog:api:cusicanqui;1;18869;67,91 %
tag:stardog:api:landau;1;18870;67,92 %
tag:stardog:api:graus;1;18871;67,92 %
tag:stardog:api:martins_e_sousa;1;18872;67,92 %
tag:stardog:api:crj;1;18873;67,93 %
tag:stardog:api:cesario_mendes;1;18874;67,93 %
tag:stardog:api:ferry;1;18875;67,93 %
tag:stardog:api:michel_focault;1;18876;67,94 %
tag:stardog:api:miranda_dos_reis;1;18877;67,94 %
tag:stardog:api:deleuze__guattari;1;18878;67,95 %
tag:stardog:api:tils;1;18879;67,95 %
tag:stardog:api:capulanas;1;18880;67,95 %
tag:stardog:api:arlete_nogueira_da_cruz;1;18881;67,96 %
tag:stardog:api:de_guardar_os_brinquedos;1;18882;67,96 %
tag:stardog:api:thaddeus;1;18883;67,96 %
tag:stardog:api:spolsky;1;18884;67,97 %
tag:stardog:api:vereador_nilo_dias_teixeira;1;18885;67,97 %
tag:stardog:api:xanthomonas_campestris_pv;1;18886;67,97 %
tag:stardog:api:para_tanto_foi_necessario;1;18887;67,98 %
tag:stardog:api:lopes_rossi;1;18888;67,98 %
tag:stardog:api:joseli_maria_silva;1;18889;67,99 %
tag:stardog:api:b_rufa;1;18890;67,99 %
tag:stardog:api:cavalo;1;18891;67,99 %
tag:stardog:api:chicanery;1;18892;68,00 %
tag:stardog:api:garrabe;1;18893;68,00 %
tag:stardog:api:jean_toomer;1;18894;68,00 %
tag:stardog:api:gini_index;1;18895;68,01 %
tag:stardog:api:eu_moro_na;1;18896;68,01 %
tag:stardog:api:jeanne_marie_gagnebin;1;18897;68,01 %
tag:stardog:api:jongueiros;1;18898;68,02 %
tag:stardog:api:ortognaisses_granodioriticos;1;18899;68,02 %
tag:stardog:api:midgut;1;18900;68,02 %
tag:stardog:api:analise_construtivainterpretaria;1;18901;68,03 %
tag:stardog:api:ultimas_decadas;1;18902;68,03 %
tag:stardog:api:ziraldo_alves_pinto;1;18903;68,04 %
tag:stardog:api:luiz_eduardo_robinson_achutti;1;18904;68,04 %
tag:stardog:api:leodora;1;18905;68,04 %
tag:stardog:api:bergamasch;1;18906;68,05 %
tag:stardog:api:myky;1;18907;68,05 %
tag:stardog:api:ay_ma_omombeu;1;18908;68,05 %
tag:stardog:api:gabriel_ferreira_zacarias;1;18909;68,06 %
tag:stardog:api:walter_carvalho;1;18910;68,06 %
tag:stardog:api:irmandade_de_aracuai;1;18911;68,06 %
tag:stardog:api:joao_francisco_de_sousa;1;18912;68,07 %
tag:stardog:api:travessias;1;18913;68,07 %
tag:stardog:api:simonton;1;18914;68,08 %
tag:stardog:api:elizabeth_cimentos;1;18915;68,08 %
tag:stardog:api:maximiano_lopes_machado_s;1;18916;68,08 %
tag:stardog:api:logica_fuzzy;1;18917;68,09 %
tag:stardog:api:denominei_de_mandinga;1;18918;68,09 %
tag:stardog:api:instancias;1;18919;68,09 %
tag:stardog:api:francisco_do_rego_barros;1;18920;68,10 %
tag:stardog:api:van_dyck_brown;1;18921;68,10 %
tag:stardog:api:ainda_como_fonte_diacronica;1;18922;68,10 %
tag:stardog:api:souza_martins;1;18923;68,11 %
tag:stardog:api:escola_luiz_alberto_de_melo;1;18924;68,11 %
tag:stardog:api:maria_hellena;1;18925;68,11 %
tag:stardog:api:joao_daniel;1;18926;68,12 %
tag:stardog:api:clia_sobreira;1;18927;68,12 %
tag:stardog:api:simao;1;18928;68,13 %
tag:stardog:api:panoan;1;18929;68,13 %
tag:stardog:api:subcommander_marcos;1;18930;68,13 %
tag:stardog:api:imcs;1;18931;68,14 %
tag:stardog:api:kijetxawe_zabele;1;18932;68,14 %
tag:stardog:api:marechal_candido_rondon;1;18933;68,14 %
tag:stardog:api:estevao;1;18934;68,15 %
tag:stardog:api:gomes_filho;1;18935;68,15 %
tag:stardog:api:agreste_central;1;18936;68,15 %
tag:stardog:api:tetraetilenopentamina;1;18937;68,16 %
tag:stardog:api:frank_lestringant;1;18938;68,16 %
tag:stardog:api:associacao_mae_domingas;1;18939;68,17 %
tag:stardog:api:denise_garcia_s_using;1;18940;68,17 %
tag:stardog:api:especial_de_acao;1;18941;68,17 %
tag:stardog:api:vasco_de_quiroga;1;18942;68,18 %
tag:stardog:api:carlos_diegues;1;18943;68,18 %
tag:stardog:api:ikoloehj;1;18944;68,18 %
tag:stardog:api:agrosystem;1;18945;68,19 %
tag:stardog:api:suely_dulce_de_castilho;1;18946;68,19 %
tag:stardog:api:kariri_xoco;1;18947;68,19 %
tag:stardog:api:patricia_hills_collins;1;18948;68,20 %
tag:stardog:api:pilgeriella_anacardii_arx__muller;1;18949;68,20 %
tag:stardog:api:eni_puccinelli_orlandi;1;18950;68,20 %
tag:stardog:api:ibarra;1;18951;68,21 %
tag:stardog:api:carlos_magno_nazareth_cerqueira;1;18952;68,21 %
tag:stardog:api:olusegun_alokan;1;18953;68,22 %
tag:stardog:api:spondias;1;18954;68,22 %
tag:stardog:api:guido_marliere;1;18955;68,22 %
tag:stardog:api:valeria_maria_santana_oliveira;1;18956;68,23 %
tag:stardog:api:onofre_nunes_quiroga;1;18957;68,23 %
tag:stardog:api:metodo_possibilitou;1;18958;68,23 %
tag:stardog:api:virofago;1;18959;68,24 %
tag:stardog:api:spadona;1;18960;68,24 %
tag:stardog:api:gilberto_braga;1;18961;68,24 %
tag:stardog:api:abranquitudecomo;1;18962;68,25 %
tag:stardog:api:aronson;1;18963;68,25 %
tag:stardog:api:carl_friedrich_philipp_von_martius;1;18964;68,26 %
tag:stardog:api:sergio_camargo;1;18965;68,26 %
tag:stardog:api:esu_yangi;1;18966;68,26 %
tag:stardog:api:theodore_adorno;1;18967;68,27 %
tag:stardog:api:apostle_paul;1;18968;68,27 %
tag:stardog:api:chiriguano;1;18969;68,27 %
tag:stardog:api:ojehexa;1;18970;68,28 %
tag:stardog:api:lima_barretos;1;18971;68,28 %
tag:stardog:api:elaine_pereira_da_silva_tagliaferro;1;18972;68,28 %
tag:stardog:api:ornithoctona_erythrocephala;1;18973;68,29 %
tag:stardog:api:ione_jovino;1;18974;68,29 %
tag:stardog:api:chimamanda_adichie_replica;1;18975;68,29 %
tag:stardog:api:karipuna_galibi;1;18976;68,30 %
tag:stardog:api:algirdas_greimas;1;18977;68,30 %
tag:stardog:api:oiko_va;1;18978;68,31 %
tag:stardog:api:daniele;1;18979;68,31 %
tag:stardog:api:les_miserables;1;18980;68,31 %
tag:stardog:api:dr_jose_carlos_cifuentes;1;18981;68,32 %
tag:stardog:api:lena;1;18982;68,32 %
tag:stardog:api:c_amostras;1;18983;68,32 %
tag:stardog:api:gilles_brougere;1;18984;68,33 %
tag:stardog:api:munanga_barth;1;18985;68,33 %
tag:stardog:api:adilson_crepalde;1;18986;68,33 %
tag:stardog:api:hrccr2;1;18987;68,34 %
tag:stardog:api:coelho_netto;1;18988;68,34 %
tag:stardog:api:xoklenglaklano;1;18989;68,35 %
tag:stardog:api:respeito_aos;1;18990;68,35 %
tag:stardog:api:jose_antonio_saraiva;1;18991;68,35 %
tag:stardog:api:maria_moises;1;18992;68,36 %
tag:stardog:api:floresta_da_cicuta;1;18993;68,36 %
tag:stardog:api:estudo_revelou_tambem;1;18994;68,36 %
tag:stardog:api:missoes_orientais;1;18995;68,37 %
tag:stardog:api:mussi;1;18996;68,37 %
tag:stardog:api:samuel_benchimol;1;18997;68,37 %
tag:stardog:api:aedes_aegypti_vectors;1;18998;68,38 %
tag:stardog:api:taurepang_sorocaima;1;18999;68,38 %
tag:stardog:api:kunatai;1;19000;68,38 %
tag:stardog:api:cigano_durque_costa;1;19001;68,39 %
tag:stardog:api:yanomae;1;19002;68,39 %
tag:stardog:api:joseph_conrad;1;19003;68,40 %
tag:stardog:api:emily_lima;1;19004;68,40 %
tag:stardog:api:dijk;1;19005;68,40 %
tag:stardog:api:mbarete_guasu;1;19006;68,41 %
tag:stardog:api:marta_mourao_kanashiro;1;19007;68,41 %
tag:stardog:api:roberto_zaluth;1;19008;68,41 %
tag:stardog:api:nicholas_wade;1;19009;68,42 %
tag:stardog:api:nicole_tutiaux_gillon;1;19010;68,42 %
tag:stardog:api:aristofanes;1;19011;68,42 %
tag:stardog:api:arno_kern;1;19012;68,43 %
tag:stardog:api:george_romero;1;19013;68,43 %
tag:stardog:api:inacio;1;19014;68,44 %
tag:stardog:api:obervar;1;19015;68,44 %
tag:stardog:api:roberto_da_silva;1;19016;68,44 %
tag:stardog:api:cachoeirano;1;19017;68,45 %
tag:stardog:api:barata;1;19018;68,45 %
tag:stardog:api:heider;1;19019;68,45 %
tag:stardog:api:clay;1;19020;68,46 %
tag:stardog:api:gao_et_al;1;19021;68,46 %
tag:stardog:api:page;1;19022;68,46 %
tag:stardog:api:cicilian_luiza_lowen_sahr;1;19023;68,47 %
tag:stardog:api:marlete;1;19024;68,47 %
tag:stardog:api:aim_avaguarani;1;19025;68,47 %
tag:stardog:api:ile_axe_xango_agodo;1;19026;68,48 %
tag:stardog:api:francoise_ega;1;19027;68,48 %
tag:stardog:api:quimicos;1;19028;68,49 %
tag:stardog:api:upeicha_avei_umi_temimboekuera;1;19029;68,49 %
tag:stardog:api:antonio_carlos_de_sousa_lima;1;19030;68,49 %
tag:stardog:api:thephaseof;1;19031;68,50 %
tag:stardog:api:cromatografo_de_ions;1;19032;68,50 %
tag:stardog:api:romney;1;19033;68,50 %
tag:stardog:api:litopenaeus;1;19034;68,51 %
tag:stardog:api:sueli_sousa;1;19035;68,51 %
tag:stardog:api:dissolution_seams;1;19036;68,51 %
tag:stardog:api:edu_do_nascimento;1;19037;68,52 %
tag:stardog:api:luis_guaranha;1;19038;68,52 %
tag:stardog:api:teko_jojape;1;19039;68,53 %
tag:stardog:api:balu;1;19040;68,53 %
tag:stardog:api:luciana_prass;1;19041;68,53 %
tag:stardog:api:mestra_maria_luiza;1;19042;68,54 %
tag:stardog:api:paulo_freire1996;1;19043;68,54 %
tag:stardog:api:marcia_chuva;1;19044;68,54 %
tag:stardog:api:coffaci;1;19045;68,55 %
tag:stardog:api:aurino_ribeiro_filho;1;19046;68,55 %
tag:stardog:api:ary_ate_ykuema;1;19047;68,55 %
tag:stardog:api:saudacao_malungo;1;19048;68,56 %
tag:stardog:api:twry_pataxo;1;19049;68,56 %
tag:stardog:api:arremates;1;19050;68,56 %
tag:stardog:api:boucher;1;19051;68,57 %
tag:stardog:api:tuxaua;1;19052;68,57 %
tag:stardog:api:srmr;1;19053;68,58 %
tag:stardog:api:julio_chiavenato;1;19054;68,58 %
tag:stardog:api:del_monte;1;19055;68,58 %
tag:stardog:api:narradores_de_bage;1;19056;68,59 %
tag:stardog:api:aparecida_carneiro;1;19057;68,59 %
tag:stardog:api:jurandir_costa;1;19058;68,59 %
tag:stardog:api:pepye;1;19059;68,60 %
tag:stardog:api:jaragua_de_montemor;1;19060;68,60 %
tag:stardog:api:menchu;1;19061;68,60 %
tag:stardog:api:ruffini;1;19062;68,61 %
tag:stardog:api:natally_vieira_dias;1;19063;68,61 %
tag:stardog:api:alexandrina;1;19064;68,62 %
tag:stardog:api:slavoj_zizek;1;19065;68,62 %
tag:stardog:api:pedro_lemebel;1;19066;68,62 %
tag:stardog:api:marshal_sahlins;1;19067;68,63 %
tag:stardog:api:lidia_lisboa;1;19068;68,63 %
tag:stardog:api:nilo_pecanha;1;19069;68,63 %
tag:stardog:api:francisco_rejanio_de_sousa;1;19070;68,64 %
tag:stardog:api:h;1;19071;68,64 %
tag:stardog:api:dalila_oliveira;1;19072;68,64 %
tag:stardog:api:visconde_de_taunay;1;19073;68,65 %
tag:stardog:api:critica;1;19074;68,65 %
tag:stardog:api:reedy;1;19075;68,65 %
tag:stardog:api:kuery_mbaerexana_onhemombeu;1;19076;68,66 %
tag:stardog:api:orly_z_mantovani_de_assis;1;19077;68,66 %
tag:stardog:api:anayde_beiriz;1;19078;68,67 %
tag:stardog:api:elisabete_farias;1;19079;68,67 %
tag:stardog:api:wallis;1;19080;68,67 %
tag:stardog:api:d_joao_v;1;19081;68,68 %
tag:stardog:api:babau_tupinamba;1;19082;68,68 %
tag:stardog:api:ferdinand_rohr;1;19083;68,68 %
tag:stardog:api:amor;1;19084;68,69 %
tag:stardog:api:haevy_ma_ojejapo_mbaeapo;1;19085;68,69 %
tag:stardog:api:bias;1;19086;68,69 %
tag:stardog:api:dona_cida;1;19087;68,70 %
tag:stardog:api:ete_i_pe_ijayvu_va;1;19088;68,70 %
tag:stardog:api:guaikurus;1;19089;68,71 %
tag:stardog:api:sulmineira;1;19090;68,71 %
tag:stardog:api:junior;1;19091;68,71 %
tag:stardog:api:marcolino_wollily;1;19092;68,72 %
tag:stardog:api:manuel_albino_carvalho;1;19093;68,72 %
tag:stardog:api:dnak;1;19094;68,72 %
tag:stardog:api:jardim_cirandinha;1;19095;68,73 %
tag:stardog:api:piccoli_equivoci;1;19096;68,73 %
tag:stardog:api:rousseauniano;1;19097;68,73 %
tag:stardog:api:louis_owens;1;19098;68,74 %
tag:stardog:api:massimo_di_felice;1;19099;68,74 %
tag:stardog:api:lave__wenger;1;19100;68,74 %
tag:stardog:api:iglenir_joao_cavalli;1;19101;68,75 %
tag:stardog:api:shane;1;19102;68,75 %
tag:stardog:api:helio_augusto_godoy_de_souza;1;19103;68,76 %
tag:stardog:api:eduardo_oliveira_de_oliveira;1;19104;68,76 %
tag:stardog:api:diretrizes_complementares;1;19105;68,76 %
tag:stardog:api:coccinellidae;1;19106;68,77 %
tag:stardog:api:olivina_olivia_carneiro_da_cunha;1;19107;68,77 %
tag:stardog:api:ademar_vidal;1;19108;68,77 %
tag:stardog:api:oscar_tenorio;1;19109;68,78 %
tag:stardog:api:estadosparte;1;19110;68,78 %
tag:stardog:api:profa_dra_isabel_cristina_dos_santos;1;19111;68,78 %
tag:stardog:api:berkeleyomyces;1;19112;68,79 %
tag:stardog:api:essa_organizacao;1;19113;68,79 %
tag:stardog:api:edmilson_rodrigues;1;19114;68,79 %
tag:stardog:api:antonio_xavier_de_jesus;1;19115;68,80 %
tag:stardog:api:adelaida_fernandez_ochoa;1;19116;68,80 %
tag:stardog:api:robin_blackburn;1;19117;68,81 %
tag:stardog:api:jose_roberto_zan;1;19118;68,81 %
tag:stardog:api:beckert;1;19119;68,81 %
tag:stardog:api:serra_das_viuvas;1;19120;68,82 %
tag:stardog:api:honorato;1;19121;68,82 %
tag:stardog:api:annoaceae;1;19122;68,82 %
tag:stardog:api:hassan_zaoual;1;19123;68,83 %
tag:stardog:api:nossa_senhora_do_perpetuo_socorro_do_tumbira;1;19124;68,83 %
tag:stardog:api:waldemar_denzer;1;19125;68,83 %
tag:stardog:api:sobre_sua;1;19126;68,84 %
tag:stardog:api:suely_kofes;1;19127;68,84 %
tag:stardog:api:aparecida_fracolli;1;19128;68,85 %
tag:stardog:api:izabel_brandao;1;19129;68,85 %
tag:stardog:api:giovana_xavier;1;19130;68,85 %
tag:stardog:api:senilde_alcantara;1;19131;68,86 %
tag:stardog:api:neabi;1;19132;68,86 %
tag:stardog:api:este_estudo_tem;1;19133;68,86 %
tag:stardog:api:agropecuaria_suiamissu;1;19134;68,87 %
tag:stardog:api:boehm;1;19135;68,87 %
tag:stardog:api:muylaert;1;19136;68,87 %
tag:stardog:api:p_brachyurus;1;19137;68,88 %
tag:stardog:api:edmundo_fernandes_dias;1;19138;68,88 %
tag:stardog:api:araruamense;1;19139;68,88 %
tag:stardog:api:teste_g;1;19140;68,89 %
tag:stardog:api:pielou_j;1;19141;68,89 %
tag:stardog:api:ruth_de_souza;1;19142;68,90 %
tag:stardog:api:creuza_maria_oliveira;1;19143;68,90 %
tag:stardog:api:epoca_moderna;1;19144;68,90 %
tag:stardog:api:ancova;1;19145;68,91 %
tag:stardog:api:trafico_negreiro_tambem;1;19146;68,91 %
tag:stardog:api:julia_suzarte;1;19147;68,91 %
tag:stardog:api:quipe;1;19148;68,92 %
tag:stardog:api:lbol;1;19149;68,92 %
tag:stardog:api:caraipe;1;19150;68,92 %
tag:stardog:api:ministerio_das_relacoes_exteriores;1;19151;68,93 %
tag:stardog:api:robert_park;1;19152;68,93 %
tag:stardog:api:antonio_da_silva_neto;1;19153;68,94 %
tag:stardog:api:raim;1;19154;68,94 %
tag:stardog:api:tude;1;19155;68,94 %
tag:stardog:api:luciana_reis;1;19156;68,95 %
tag:stardog:api:caricaceae;1;19157;68,95 %
tag:stardog:api:pipae;1;19158;68,95 %
tag:stardog:api:pds;1;19159;68,96 %
tag:stardog:api:sepulveda;1;19160;68,96 %
tag:stardog:api:paras;1;19161;68,96 %
tag:stardog:api:sharpe;1;19162;68,97 %
tag:stardog:api:dona_marica;1;19163;68,97 %
tag:stardog:api:altiva_pilatti_balhana;1;19164;68,97 %
tag:stardog:api:isabel_guerra;1;19165;68,98 %
tag:stardog:api:carlos_alberto_cordovano_vieira;1;19166;68,98 %
tag:stardog:api:zannoni;1;19167;68,99 %
tag:stardog:api:joao_wanderley_geraldi;1;19168;68,99 %
tag:stardog:api:acao_afirmativa_de_cotas_etnicosraciais;1;19169;68,99 %
tag:stardog:api:polissistema_literario;1;19170;69,00 %
tag:stardog:api:jorge_coli;1;19171;69,00 %
tag:stardog:api:henri_anatole_coudreau;1;19172;69,00 %
tag:stardog:api:m_quadrifasciata;1;19173;69,01 %
tag:stardog:api:raimundo_magalhaes_junior;1;19174;69,01 %
tag:stardog:api:mulheresflores;1;19175;69,01 %
tag:stardog:api:ladislau_netto;1;19176;69,02 %
tag:stardog:api:casa_de_saude_indigena_de_belem_distrito_de_icoaraci;1;19177;69,02 %
tag:stardog:api:ikuai_va;1;19178;69,03 %
tag:stardog:api:sociedade_monte_pio_dos_artistas_cachoeiranos;1;19179;69,03 %
tag:stardog:api:julia_lopes_de_almeida;1;19180;69,03 %
tag:stardog:api:yone_maria_gonzaga;1;19181;69,04 %
tag:stardog:api:gaspar_jos;1;19182;69,04 %
tag:stardog:api:aiha_kalapalo;1;19183;69,04 %
tag:stardog:api:elementary_ii;1;19184;69,05 %
tag:stardog:api:acvb;1;19185;69,05 %
tag:stardog:api:emancipatory;1;19186;69,05 %
tag:stardog:api:ana_maria_galdini_raimundo;1;19187;69,06 %
tag:stardog:api:marcos_rodrigues_dos_santos;1;19188;69,06 %
tag:stardog:api:nunes_pereira;1;19189;69,06 %
tag:stardog:api:nographic;1;19190;69,07 %
tag:stardog:api:catalogna_folha_larga;1;19191;69,07 %
tag:stardog:api:horas_nuas;1;19192;69,08 %
tag:stardog:api:flusser;1;19193;69,08 %
tag:stardog:api:servo;1;19194;69,08 %
tag:stardog:api:efigenia_maria_da_conceicao;1;19195;69,09 %
tag:stardog:api:mara_lugones;1;19196;69,09 %
tag:stardog:api:colonia_treze;1;19197;69,09 %
tag:stardog:api:avramopoulou;1;19198;69,10 %
tag:stardog:api:rita_cacete;1;19199;69,10 %
tag:stardog:api:black_blood;1;19200;69,10 %
tag:stardog:api:mesters;1;19201;69,11 %
tag:stardog:api:joaninhas;1;19202;69,11 %
tag:stardog:api:erwin_panofskys;1;19203;69,12 %
tag:stardog:api:perciformes;1;19204;69,12 %
tag:stardog:api:paulo_roberto_padilha;1;19205;69,12 %
tag:stardog:api:meertens;1;19206;69,13 %
tag:stardog:api:higer;1;19207;69,13 %
tag:stardog:api:roth;1;19208;69,13 %
tag:stardog:api:maria_fugueiredo_braga_garcia;1;19209;69,14 %
tag:stardog:api:luis_xavier;1;19210;69,14 %
tag:stardog:api:silva_machado;1;19211;69,14 %
tag:stardog:api:publicizing;1;19212;69,15 %
tag:stardog:api:pirraca_urbana;1;19213;69,15 %
tag:stardog:api:emergencia_de_saude_publica_de_importancia_internacional;1;19214;69,15 %
tag:stardog:api:genese;1;19215;69,16 %
tag:stardog:api:georg_feuerstein;1;19216;69,16 %
tag:stardog:api:soledad;1;19217;69,17 %
tag:stardog:api:jose_victorino;1;19218;69,17 %
tag:stardog:api:kamna;1;19219;69,17 %
tag:stardog:api:t_trichiura;1;19220;69,18 %
tag:stardog:api:viviane_ferreira;1;19221;69,18 %
tag:stardog:api:janete_magalhaes;1;19222;69,18 %
tag:stardog:api:el_gaucho_martin_fierro;1;19223;69,19 %
tag:stardog:api:knowledge8223s;1;19224;69,19 %
tag:stardog:api:jair_bolsonaros;1;19225;69,19 %
tag:stardog:api:paleoindio;1;19226;69,20 %
tag:stardog:api:zafira;1;19227;69,20 %
tag:stardog:api:expusemos;1;19228;69,21 %
tag:stardog:api:terminologicos;1;19229;69,21 %
tag:stardog:api:yabas;1;19230;69,21 %
tag:stardog:api:dr_arilson_da_silva;1;19231;69,22 %
tag:stardog:api:sustentabilidade_no_castainho;1;19232;69,22 %
tag:stardog:api:ciclaqem;1;19233;69,22 %
tag:stardog:api:jose_severino_croatto;1;19234;69,23 %
tag:stardog:api:jeiko_acampamento;1;19235;69,23 %
tag:stardog:api:manguezais_da_foz;1;19236;69,23 %
tag:stardog:api:siliadin;1;19237;69,24 %
tag:stardog:api:espiritual;1;19238;69,24 %
tag:stardog:api:casa_de_correcao_da_corte;1;19239;69,24 %
tag:stardog:api:arnaldo;1;19240;69,25 %
tag:stardog:api:josias_pires;1;19241;69,25 %
tag:stardog:api:d_alata_vogel;1;19242;69,26 %
tag:stardog:api:luana_kumaruara;1;19243;69,26 %
tag:stardog:api:gama_variada_de_documentos;1;19244;69,26 %
tag:stardog:api:mel_macacoari;1;19245;69,27 %
tag:stardog:api:caatinguinha;1;19246;69,27 %
tag:stardog:api:boundariesby_fredrik_barth;1;19247;69,27 %
tag:stardog:api:centraremos;1;19248;69,28 %
tag:stardog:api:bourdiesiana;1;19249;69,28 %
tag:stardog:api:waugh;1;19250;69,28 %
tag:stardog:api:the_santos_reis;1;19251;69,29 %
tag:stardog:api:sergi_moscovici;1;19252;69,29 %
tag:stardog:api:vivendi_campones;1;19253;69,30 %
tag:stardog:api:lula_da_silva;1;19254;69,30 %
tag:stardog:api:celso_luiz_figueiredo_bodstein;1;19255;69,30 %
tag:stardog:api:cnpq;1;19256;69,31 %
tag:stardog:api:patricio;1;19257;69,31 %
tag:stardog:api:capao_bonito;1;19258;69,31 %
tag:stardog:api:gilberto;1;19259;69,32 %
tag:stardog:api:a_caraya;1;19260;69,32 %
tag:stardog:api:domingo_faustino_sarmiento;1;19261;69,32 %
tag:stardog:api:selva;1;19262;69,33 %
tag:stardog:api:shaman_davi_kopenawa;1;19263;69,33 %
tag:stardog:api:potencia;1;19264;69,33 %
tag:stardog:api:eliana_monteiro;1;19265;69,34 %
tag:stardog:api:seu_candinho_da_farmacia;1;19266;69,34 %
tag:stardog:api:involucro;1;19267;69,35 %
tag:stardog:api:michael_mcdonald_hall;1;19268;69,35 %
tag:stardog:api:furthermore;1;19269;69,35 %
tag:stardog:api:dra_maria_rita_de_assis_cesar;1;19270;69,36 %
tag:stardog:api:almeida_pereira;1;19271;69,36 %
tag:stardog:api:frei_francisco_de_nossa_senhora_dos_prazeres_maranhao;1;19272;69,36 %
tag:stardog:api:simulideos;1;19273;69,37 %
tag:stardog:api:ekerua;1;19274;69,37 %
tag:stardog:api:brenan;1;19275;69,37 %
tag:stardog:api:carlos_pereira_de_magalhaes;1;19276;69,38 %
tag:stardog:api:genera;1;19277;69,38 %
tag:stardog:api:diniz;1;19278;69,39 %
tag:stardog:api:bernardino_ribeiro_de_figueiredo;1;19279;69,39 %
tag:stardog:api:livramento_mt;1;19280;69,39 %
tag:stardog:api:atlantida_cidade_turistica;1;19281;69,40 %
tag:stardog:api:dos_meios;1;19282;69,40 %
tag:stardog:api:l_amazonensis;1;19283;69,40 %
tag:stardog:api:o_liberal;1;19284;69,41 %
tag:stardog:api:feitosa;1;19285;69,41 %
tag:stardog:api:coccidio;1;19286;69,41 %
tag:stardog:api:ridenti;1;19287;69,42 %
tag:stardog:api:nei_xakriaba;1;19288;69,42 %
tag:stardog:api:c_g_jung;1;19289;69,42 %
tag:stardog:api:philemon;1;19290;69,43 %
tag:stardog:api:dr_jose_blanes_sala;1;19291;69,43 %
tag:stardog:api:victor_asselin;1;19292;69,44 %
tag:stardog:api:fapesc;1;19293;69,44 %
tag:stardog:api:caso_joaquim_nabuco;1;19294;69,44 %
tag:stardog:api:inga_spp;1;19295;69,45 %
tag:stardog:api:desenvolvimento_humano;1;19296;69,45 %
tag:stardog:api:ikuai_joo_rami;1;19297;69,45 %
tag:stardog:api:tenentecoronel;1;19298;69,46 %
tag:stardog:api:carlos_wolkmer;1;19299;69,46 %
tag:stardog:api:the_cronica_mexicana;1;19300;69,46 %
tag:stardog:api:ginzburb;1;19301;69,47 %
tag:stardog:api:maria_rita_donalisio_cordeiro;1;19302;69,47 %
tag:stardog:api:herbert_baldus;1;19303;69,48 %
tag:stardog:api:folha_do_mate;1;19304;69,48 %
tag:stardog:api:patxoha;1;19305;69,48 %
tag:stardog:api:carlos_walter_portogonalves;1;19306;69,49 %
tag:stardog:api:cachoeiro_de_itapemirim__es;1;19307;69,49 %
tag:stardog:api:manuel_gonzalez_prada;1;19308;69,49 %
tag:stardog:api:mariano;1;19309;69,50 %
tag:stardog:api:vbnc;1;19310;69,50 %
tag:stardog:api:gilberto_lopez_y_rivas;1;19311;69,50 %
tag:stardog:api:petronilha_b_g_silva;1;19312;69,51 %
tag:stardog:api:manuela_penafria;1;19313;69,51 %
tag:stardog:api:fundaroes;1;19314;69,51 %
tag:stardog:api:dracula;1;19315;69,52 %
tag:stardog:api:marinhoaraujo;1;19316;69,52 %
tag:stardog:api:coulon;1;19317;69,53 %
tag:stardog:api:jorminhot;1;19318;69,53 %
tag:stardog:api:omoloc;1;19319;69,53 %
tag:stardog:api:buu_kennedy;1;19320;69,54 %
tag:stardog:api:michel_pecheux_s;1;19321;69,54 %
tag:stardog:api:curly_hair;1;19322;69,54 %
tag:stardog:api:lilian_pacheco;1;19323;69,55 %
tag:stardog:api:polissistema_literario_de_traducao;1;19324;69,55 %
tag:stardog:api:construidas_levando;1;19325;69,55 %
tag:stardog:api:charterisblack;1;19326;69,56 %
tag:stardog:api:dos_santos;1;19327;69,56 %
tag:stardog:api:courtes;1;19328;69,57 %
tag:stardog:api:anacleto;1;19329;69,57 %
tag:stardog:api:eurico_gaspar_dutra;1;19330;69,57 %
tag:stardog:api:oliveira1988;1;19331;69,58 %
tag:stardog:api:tragame;1;19332;69,58 %
tag:stardog:api:coordinadora;1;19333;69,58 %
tag:stardog:api:benjamim_de_oliveira;1;19334;69,59 %
tag:stardog:api:dragao;1;19335;69,59 %
tag:stardog:api:ana_maria_galdini_raimundo_oda;1;19336;69,59 %
tag:stardog:api:tese_evidencia;1;19337;69,60 %
tag:stardog:api:lippia;1;19338;69,60 %
tag:stardog:api:marinalva;1;19339;69,60 %
tag:stardog:api:rosemeire_aparecida_tavares;1;19340;69,61 %
tag:stardog:api:antilhanos;1;19341;69,61 %
tag:stardog:api:pd;1;19342;69,62 %
tag:stardog:api:irmandade_de_sao_sebastiao_martir;1;19343;69,62 %
tag:stardog:api:juridico_de_quilombo;1;19344;69,62 %
tag:stardog:api:diodoro;1;19345;69,63 %
tag:stardog:api:mario_medeiros;1;19346;69,63 %
tag:stardog:api:psycoshpere;1;19347;69,63 %
tag:stardog:api:marlos_nobre;1;19348;69,64 %
tag:stardog:api:profa_dra_regia_cristina_oliveira;1;19349;69,64 %
tag:stardog:api:domingos_soares_ferreira_penna;1;19350;69,64 %
tag:stardog:api:vicente_de_paula_teixeira_de_vasconcellos;1;19351;69,65 %
tag:stardog:api:christian_ramos;1;19352;69,65 %
tag:stardog:api:zeila_de_brito_fabri_demartini;1;19353;69,66 %
tag:stardog:api:thafene;1;19354;69,66 %
tag:stardog:api:cauaburi;1;19355;69,66 %
tag:stardog:api:lourenco_da_conceicao_cardoso;1;19356;69,67 %
tag:stardog:api:georges_prosper_remi;1;19357;69,67 %
tag:stardog:api:lextase_materielle;1;19358;69,67 %
tag:stardog:api:ahimsa;1;19359;69,68 %
tag:stardog:api:oya;1;19360;69,68 %
tag:stardog:api:arbach;1;19361;69,68 %
tag:stardog:api:amy;1;19362;69,69 %
tag:stardog:api:tarairius;1;19363;69,69 %
tag:stardog:api:vrije_universitcit_amsterdam;1;19364;69,69 %
tag:stardog:api:maja;1;19365;69,70 %
tag:stardog:api:yanonami;1;19366;69,70 %
tag:stardog:api:enio_de_freitas_e_castro;1;19367;69,71 %
tag:stardog:api:sonia_beatriz_dos_santos;1;19368;69,71 %
tag:stardog:api:gouvea;1;19369;69,71 %
tag:stardog:api:bhaq;1;19370;69,72 %
tag:stardog:api:malvacearum;1;19371;69,72 %
tag:stardog:api:ana_beatriz_simon_factum_sobre_design_de_resistencia;1;19372;69,72 %
tag:stardog:api:ossanha;1;19373;69,73 %
tag:stardog:api:xica;1;19374;69,73 %
tag:stardog:api:maria_carmelita_yazbek;1;19375;69,73 %
tag:stardog:api:henrietta_lacks;1;19376;69,74 %
tag:stardog:api:mario_vegetti;1;19377;69,74 %
tag:stardog:api:padroes_e_valores_culturais;1;19378;69,75 %
tag:stardog:api:erly_almanza;1;19379;69,75 %
tag:stardog:api:paiol_de_telha;1;19380;69,75 %
tag:stardog:api:cecilia_bertoni;1;19381;69,76 %
tag:stardog:api:maria_da_gloria_gomes;1;19382;69,76 %
tag:stardog:api:genetti;1;19383;69,76 %
tag:stardog:api:joaquim_de_souza_breves;1;19384;69,77 %
tag:stardog:api:iltb;1;19385;69,77 %
tag:stardog:api:edna;1;19386;69,77 %
tag:stardog:api:valentia;1;19387;69,78 %
tag:stardog:api:ana_paula_peters;1;19388;69,78 %
tag:stardog:api:foram_realizadas;1;19389;69,78 %
tag:stardog:api:igarassu;1;19390;69,79 %
tag:stardog:api:ronald_raminelli;1;19391;69,79 %
tag:stardog:api:barbara_starfield;1;19392;69,80 %
tag:stardog:api:roy;1;19393;69,80 %
tag:stardog:api:luiz_ramires;1;19394;69,80 %
tag:stardog:api:mary_louise_pratt;1;19395;69,81 %
tag:stardog:api:medio_de_550;1;19396;69,81 %
tag:stardog:api:recebeu_media_76;1;19397;69,81 %
tag:stardog:api:americo;1;19398;69,82 %
tag:stardog:api:heleieth_iara_bongiovanni_saffioti;1;19399;69,82 %
tag:stardog:api:quilombo_dos_marques;1;19400;69,82 %
tag:stardog:api:don_juan_matus;1;19401;69,83 %
tag:stardog:api:o_clarim_dalvorada;1;19402;69,83 %
tag:stardog:api:alvaro_vieira_pinto;1;19403;69,84 %
tag:stardog:api:jesus_martinbarbero_s;1;19404;69,84 %
tag:stardog:api:holocenosuperior;1;19405;69,84 %
tag:stardog:api:ile_axe_oloyoba;1;19406;69,85 %
tag:stardog:api:febronio_indio;1;19407;69,85 %
tag:stardog:api:ashe;1;19408;69,85 %
tag:stardog:api:verificandose;1;19409;69,86 %
tag:stardog:api:trilha;1;19410;69,86 %
tag:stardog:api:guimaraes__mt;1;19411;69,86 %
tag:stardog:api:dorvalino_rocha;1;19412;69,87 %
tag:stardog:api:pyahu_kuerape_mayma;1;19413;69,87 %
tag:stardog:api:salomao;1;19414;69,87 %
tag:stardog:api:cecilia_salles;1;19415;69,88 %
tag:stardog:api:iola_leroy;1;19416;69,88 %
tag:stardog:api:hexachlorocyclohexane;1;19417;69,89 %
tag:stardog:api:spencer_vampre;1;19418;69,89 %
tag:stardog:api:a_juss;1;19419;69,89 %
tag:stardog:api:fabio_k_comparato;1;19420;69,90 %
tag:stardog:api:djobeurs;1;19421;69,90 %
tag:stardog:api:ronaldo_correia_de_brito;1;19422;69,90 %
tag:stardog:api:desfalocizar;1;19423;69,91 %
tag:stardog:api:itaipuacu;1;19424;69,91 %
tag:stardog:api:engenha;1;19425;69,91 %
tag:stardog:api:amblyomma_sculptum;1;19426;69,92 %
tag:stardog:api:000guided;1;19427;69,92 %
tag:stardog:api:kearns;1;19428;69,93 %
tag:stardog:api:representar;1;19429;69,93 %
tag:stardog:api:aos_projetos_de_obtencao_da_liberdade;1;19430;69,93 %
tag:stardog:api:aruanago;1;19431;69,94 %
tag:stardog:api:memorias_da;1;19432;69,94 %
tag:stardog:api:carmelino;1;19433;69,94 %
tag:stardog:api:ngis_e_mantidos;1;19434;69,95 %
tag:stardog:api:catimbojurema_de_alhandra;1;19435;69,95 %
tag:stardog:api:kl_jay;1;19436;69,95 %
tag:stardog:api:professor_doutor_ricardo_costa_de_oliveira;1;19437;69,96 %
tag:stardog:api:octavio_mangabeira;1;19438;69,96 %
tag:stardog:api:to_teixeira;1;19439;69,96 %
tag:stardog:api:young;1;19440;69,97 %
tag:stardog:api:cahier;1;19441;69,97 %
tag:stardog:api:pade;1;19442;69,98 %
tag:stardog:api:sabourin;1;19443;69,98 %
tag:stardog:api:wiedemann;1;19444;69,98 %
tag:stardog:api:bonnicci;1;19445;69,99 %
tag:stardog:api:vivian;1;19446;69,99 %
tag:stardog:api:macumbas;1;19447;69,99 %
tag:stardog:api:clipagens;1;19448;70,00 %
tag:stardog:api:candido_de_melo_leitao;1;19449;70,00 %
tag:stardog:api:amerindias;1;19450;70,00 %
tag:stardog:api:quilombola_vo_elvira;1;19451;70,01 %
tag:stardog:api:joao_frederico_c_a_meyer;1;19452;70,01 %
tag:stardog:api:itapocu;1;19453;70,02 %
tag:stardog:api:shane_kaya;1;19454;70,02 %
tag:stardog:api:mata_cavalo_de_baixo;1;19455;70,02 %
tag:stardog:api:janaina_oliveira;1;19456;70,03 %
tag:stardog:api:deborah_goldemberg;1;19457;70,03 %
tag:stardog:api:googlemeet;1;19458;70,03 %
tag:stardog:api:comunas_da_terra;1;19459;70,04 %
tag:stardog:api:visou_avaliar;1;19460;70,04 %
tag:stardog:api:mcm7;1;19461;70,04 %
tag:stardog:api:renata_martins;1;19462;70,05 %
tag:stardog:api:colletotrichum;1;19463;70,05 %
tag:stardog:api:xerente_comunity;1;19464;70,05 %
tag:stardog:api:zumbi_redivivo;1;19465;70,06 %
tag:stardog:api:bomfim;1;19466;70,06 %
tag:stardog:api:margareth_wetherell;1;19467;70,07 %
tag:stardog:api:florent_couaozotti;1;19468;70,07 %
tag:stardog:api:abdias;1;19469;70,07 %
tag:stardog:api:fabiana_batista;1;19470;70,08 %
tag:stardog:api:homens_livres_pobres_e_seus_descendentes;1;19471;70,08 %
tag:stardog:api:vicent_jouve;1;19472;70,08 %
tag:stardog:api:nego_veio;1;19473;70,09 %
tag:stardog:api:terena_indian;1;19474;70,09 %
tag:stardog:api:taqman_snp;1;19475;70,09 %
tag:stardog:api:dr_luiz_geraldo_santos_silva;1;19476;70,10 %
tag:stardog:api:arnold;1;19477;70,10 %
tag:stardog:api:evangelina_xavier_de_carvalho;1;19478;70,11 %
tag:stardog:api:higido;1;19479;70,11 %
tag:stardog:api:juliana_lima_spinola;1;19480;70,11 %
tag:stardog:api:jpt;1;19481;70,12 %
tag:stardog:api:hdis;1;19482;70,12 %
tag:stardog:api:corbin;1;19483;70,12 %
tag:stardog:api:the_genotype_promoted_significant_effect;1;19484;70,13 %
tag:stardog:api:mae_de_jose_de_alencar;1;19485;70,13 %
tag:stardog:api:griffiths;1;19486;70,13 %
tag:stardog:api:doutor;1;19487;70,14 %
tag:stardog:api:giacomoni;1;19488;70,14 %
tag:stardog:api:andre_louco;1;19489;70,14 %
tag:stardog:api:bartolomeu_giaccaria;1;19490;70,15 %
tag:stardog:api:p_peltatum;1;19491;70,15 %
tag:stardog:api:thar;1;19492;70,16 %
tag:stardog:api:geremias;1;19493;70,16 %
tag:stardog:api:familia_ozorio;1;19494;70,16 %
tag:stardog:api:heloisa_toller_gomes;1;19495;70,17 %
tag:stardog:api:moriconi;1;19496;70,17 %
tag:stardog:api:tanto_atraves;1;19497;70,17 %
tag:stardog:api:jimenez_jimenez;1;19498;70,18 %
tag:stardog:api:eliane_debus;1;19499;70,18 %
tag:stardog:api:theodoro;1;19500;70,18 %
tag:stardog:api:auge;1;19501;70,19 %
tag:stardog:api:simon;1;19502;70,19 %
tag:stardog:api:cliris;1;19503;70,20 %
tag:stardog:api:by_benjamin_franklin;1;19504;70,20 %
tag:stardog:api:grimes;1;19505;70,20 %
tag:stardog:api:florence;1;19506;70,21 %
tag:stardog:api:oliveras;1;19507;70,21 %
tag:stardog:api:ellen_valias;1;19508;70,21 %
tag:stardog:api:bazin;1;19509;70,22 %
tag:stardog:api:destacarseiam;1;19510;70,22 %
tag:stardog:api:gross;1;19511;70,22 %
tag:stardog:api:honko_ak_kom;1;19512;70,23 %
tag:stardog:api:tese_foi_investigar;1;19513;70,23 %
tag:stardog:api:tio2;1;19514;70,23 %
tag:stardog:api:peter_pal_pelbart;1;19515;70,24 %
tag:stardog:api:ronald_dworkins;1;19516;70,24 %
tag:stardog:api:felix;1;19517;70,25 %
tag:stardog:api:aline_motta;1;19518;70,25 %
tag:stardog:api:anacardii;1;19519;70,25 %
tag:stardog:api:the_laranjinha_indigenous_land;1;19520;70,26 %
tag:stardog:api:fazzi;1;19521;70,26 %
tag:stardog:api:candido_rondon;1;19522;70,26 %
tag:stardog:api:anna_carolina;1;19523;70,27 %
tag:stardog:api:troca_de;1;19524;70,27 %
tag:stardog:api:manuel_pinto_de_souza_dantas;1;19525;70,27 %
tag:stardog:api:minicontos;1;19526;70,28 %
tag:stardog:api:ef2d;1;19527;70,28 %
tag:stardog:api:chevalier;1;19528;70,29 %
tag:stardog:api:mecanic;1;19529;70,29 %
tag:stardog:api:rigth;1;19530;70,29 %
tag:stardog:api:eickhoff;1;19531;70,30 %
tag:stardog:api:joao_baptista_borges_pereira;1;19532;70,30 %
tag:stardog:api:sitio_matias;1;19533;70,30 %
tag:stardog:api:levantamento_bibliografico_sobre;1;19534;70,31 %
tag:stardog:api:lifschitz;1;19535;70,31 %
tag:stardog:api:paula_balduino_de_melo;1;19536;70,31 %
tag:stardog:api:outros_paises;1;19537;70,32 %
tag:stardog:api:maria_manuela_carneiro_da_cunha;1;19538;70,32 %
tag:stardog:api:zorzi;1;19539;70,32 %
tag:stardog:api:direitos_do_homem;1;19540;70,33 %
tag:stardog:api:direitos_identitarios_e_territoriais;1;19541;70,33 %
tag:stardog:api:calijuri;1;19542;70,34 %
tag:stardog:api:brian_massumi;1;19543;70,34 %
tag:stardog:api:ellen_meiksins_wood;1;19544;70,34 %
tag:stardog:api:piper_mollicomum_kunth;1;19545;70,35 %
tag:stardog:api:joaquim_ayres_franca;1;19546;70,35 %
tag:stardog:api:kuntze;1;19547;70,35 %
tag:stardog:api:carlos_frederico_mares_de_souza_filho;1;19548;70,36 %
tag:stardog:api:wilt;1;19549;70,36 %
tag:stardog:api:group8223s;1;19550;70,36 %
tag:stardog:api:tabapua;1;19551;70,37 %
tag:stardog:api:santos_luciano;1;19552;70,37 %
tag:stardog:api:marianne;1;19553;70,38 %
tag:stardog:api:manoel_pedro_cardoso_vieira;1;19554;70,38 %
tag:stardog:api:cf;1;19555;70,38 %
tag:stardog:api:jose_murilo_de_carvalho;1;19556;70,39 %
tag:stardog:api:leyla_perronemoises;1;19557;70,39 %
tag:stardog:api:sepromi;1;19558;70,39 %
tag:stardog:api:nossa_senhora_das_aguas;1;19559;70,40 %
tag:stardog:api:martha_kent;1;19560;70,40 %
tag:stardog:api:microbiologia_agricola;1;19561;70,40 %
tag:stardog:api:serge_moscovicis;1;19562;70,41 %
tag:stardog:api:joao_carlos_soares_zuin;1;19563;70,41 %
tag:stardog:api:marcos_etenhorepre;1;19564;70,41 %
tag:stardog:api:raimundo_tenente;1;19565;70,42 %
tag:stardog:api:a_belzebul;1;19566;70,42 %
tag:stardog:api:luana_barbosa;1;19567;70,43 %
tag:stardog:api:instauracao_republicana;1;19568;70,43 %
tag:stardog:api:preta_gil;1;19569;70,43 %
tag:stardog:api:hegemonia;1;19570;70,44 %
tag:stardog:api:branca_jurema;1;19571;70,44 %
tag:stardog:api:o_demonio_familiar;1;19572;70,44 %
tag:stardog:api:vigilante_rodoviario;1;19573;70,45 %
tag:stardog:api:guarani_kaoiwa;1;19574;70,45 %
tag:stardog:api:francisco_estevebarba;1;19575;70,45 %
tag:stardog:api:guy_debord;1;19576;70,46 %
tag:stardog:api:paul_sabatiers;1;19577;70,46 %
tag:stardog:api:ignacy_sachs;1;19578;70,47 %
tag:stardog:api:tiana;1;19579;70,47 %
tag:stardog:api:adussel;1;19580;70,47 %
tag:stardog:api:auwe_uptabi;1;19581;70,48 %
tag:stardog:api:dupin;1;19582;70,48 %
tag:stardog:api:afirma;1;19583;70,48 %
tag:stardog:api:influencia_da_ideia_de_progresso;1;19584;70,49 %
tag:stardog:api:nossa_casa;1;19585;70,49 %
tag:stardog:api:grandparents;1;19586;70,49 %
tag:stardog:api:teofilo_otonimg;1;19587;70,50 %
tag:stardog:api:cidades_educadoras;1;19588;70,50 %
tag:stardog:api:browne;1;19589;70,50 %
tag:stardog:api:horacio_quirogas;1;19590;70,51 %
tag:stardog:api:rafael_de_brito_dias;1;19591;70,51 %
tag:stardog:api:clorinda_matto_de_turner;1;19592;70,52 %
tag:stardog:api:pyno;1;19593;70,52 %
tag:stardog:api:anthony_giddens;1;19594;70,52 %
tag:stardog:api:bairro_cabula;1;19595;70,53 %
tag:stardog:api:acervo_marilandi_goulart;1;19596;70,53 %
tag:stardog:api:will;1;19597;70,53 %
tag:stardog:api:raimundo_bispo_dos_santos;1;19598;70,54 %
tag:stardog:api:mborai;1;19599;70,54 %
tag:stardog:api:carlos_da_silva_santos;1;19600;70,54 %
tag:stardog:api:duncan_ivison;1;19601;70,55 %
tag:stardog:api:ronald_jose_raminelli;1;19602;70,55 %
tag:stardog:api:xanthomonas_citri_pv;1;19603;70,55 %
tag:stardog:api:maria_jose_de_queiroz;1;19604;70,56 %
tag:stardog:api:breilh;1;19605;70,56 %
tag:stardog:api:permambuco;1;19606;70,57 %
tag:stardog:api:joy_buolamwini;1;19607;70,57 %
tag:stardog:api:bispo_dos_santos;1;19608;70,57 %
tag:stardog:api:catharine_walsh;1;19609;70,58 %
tag:stardog:api:xerente_numeration;1;19610;70,58 %
tag:stardog:api:leituras;1;19611;70,58 %
tag:stardog:api:da_liberdade_pelos_cativos_atraves;1;19612;70,59 %
tag:stardog:api:intracategorial;1;19613;70,59 %
tag:stardog:api:vera_regina_beltrao_marques;1;19614;70,59 %
tag:stardog:api:dos_valentes;1;19615;70,60 %
tag:stardog:api:grant_h_kester;1;19616;70,60 %
tag:stardog:api:morphodynamic;1;19617;70,61 %
tag:stardog:api:mahoma_gardo_baquaqua;1;19618;70,61 %
tag:stardog:api:ximenes;1;19619;70,61 %
tag:stardog:api:muratubinha;1;19620;70,62 %
tag:stardog:api:cici_pinheiros;1;19621;70,62 %
tag:stardog:api:bova11;1;19622;70,62 %
tag:stardog:api:ge;1;19623;70,63 %
tag:stardog:api:dias_bento;1;19624;70,63 %
tag:stardog:api:hercilio_victorino_de_menezes;1;19625;70,63 %
tag:stardog:api:rubem_fonseca;1;19626;70,64 %
tag:stardog:api:gamella;1;19627;70,64 %
tag:stardog:api:autossegmental;1;19628;70,64 %
tag:stardog:api:jacques_noiray;1;19629;70,65 %
tag:stardog:api:uilma_maira_silva;1;19630;70,65 %
tag:stardog:api:sonia_maria_bergamasco;1;19631;70,66 %
tag:stardog:api:maceioense;1;19632;70,66 %
tag:stardog:api:carina_catiana_foppa;1;19633;70,66 %
tag:stardog:api:sol_case;1;19634;70,67 %
tag:stardog:api:manoel_de_barros;1;19635;70,67 %
tag:stardog:api:kurabakairi;1;19636;70,67 %
tag:stardog:api:ruy_povoas;1;19637;70,68 %
tag:stardog:api:jost;1;19638;70,68 %
tag:stardog:api:pitta;1;19639;70,68 %
tag:stardog:api:blandfordznajek;1;19640;70,69 %
tag:stardog:api:academicos_do_salgueiro;1;19641;70,69 %
tag:stardog:api:envivecer;1;19642;70,70 %
tag:stardog:api:mapulu_kamaiura;1;19643;70,70 %
tag:stardog:api:maria_de_lourdes_ferreira_gomes;1;19644;70,70 %
tag:stardog:api:chacon;1;19645;70,71 %
tag:stardog:api:demarco;1;19646;70,71 %
tag:stardog:api:ferrarotti;1;19647;70,71 %
tag:stardog:api:aptianos;1;19648;70,72 %
tag:stardog:api:raimundinha;1;19649;70,72 %
tag:stardog:api:ron_eyerman;1;19650;70,72 %
tag:stardog:api:energia_vital;1;19651;70,73 %
tag:stardog:api:von_martius;1;19652;70,73 %
tag:stardog:api:saskia_sassen;1;19653;70,73 %
tag:stardog:api:l_theobromae;1;19654;70,74 %
tag:stardog:api:joao_carlos_quartim_de_morais;1;19655;70,74 %
tag:stardog:api:sebastio;1;19656;70,75 %
tag:stardog:api:bacillus_lichiniformes;1;19657;70,75 %
tag:stardog:api:livia_de_carvalho_mendonca;1;19658;70,75 %
tag:stardog:api:feldmann;1;19659;70,76 %
tag:stardog:api:d1097;1;19660;70,76 %
tag:stardog:api:festival_das_panelas_de_barro;1;19661;70,76 %
tag:stardog:api:rodolfo_stavenhagen;1;19662;70,77 %
tag:stardog:api:lopez_morales;1;19663;70,77 %
tag:stardog:api:rita_angelina_barbosa_silveira;1;19664;70,77 %
tag:stardog:api:caimi;1;19665;70,78 %
tag:stardog:api:chiziane;1;19666;70,78 %
tag:stardog:api:nova_jacunda;1;19667;70,79 %
tag:stardog:api:maria_rita_albuquerque_de_mello;1;19668;70,79 %
tag:stardog:api:meucci;1;19669;70,79 %
tag:stardog:api:roberto_machado;1;19670;70,80 %
tag:stardog:api:asharaf_rushdy;1;19671;70,80 %
tag:stardog:api:rodolfo_stavenghagen;1;19672;70,80 %
tag:stardog:api:marxologia;1;19673;70,81 %
tag:stardog:api:rosenstone;1;19674;70,81 %
tag:stardog:api:rethorica;1;19675;70,81 %
tag:stardog:api:jesco_von_puttkamer;1;19676;70,82 %
tag:stardog:api:nynphal;1;19677;70,82 %
tag:stardog:api:alessandro_rivellino;1;19678;70,82 %
tag:stardog:api:raimundo_girao;1;19679;70,83 %
tag:stardog:api:luzia_margareth_rago;1;19680;70,83 %
tag:stardog:api:sotero;1;19681;70,84 %
tag:stardog:api:michel_trouillot;1;19682;70,84 %
tag:stardog:api:definio;1;19683;70,84 %
tag:stardog:api:adelle_conceicao_do_nascimento;1;19684;70,85 %
tag:stardog:api:jose_eduardo_agualusa;1;19685;70,85 %
tag:stardog:api:tia_ciata;1;19686;70,85 %
tag:stardog:api:babassu;1;19687;70,86 %
tag:stardog:api:csordas;1;19688;70,86 %
tag:stardog:api:blocos_afro_de_salvador_ile_aiye;1;19689;70,86 %
tag:stardog:api:alexie;1;19690;70,87 %
tag:stardog:api:seyfet;1;19691;70,87 %
tag:stardog:api:acuerdos;1;19692;70,88 %
tag:stardog:api:luiz_galdino;1;19693;70,88 %
tag:stardog:api:yasmine;1;19694;70,88 %
tag:stardog:api:cartopographic;1;19695;70,89 %
tag:stardog:api:tania_alkmin;1;19696;70,89 %
tag:stardog:api:africanity;1;19697;70,89 %
tag:stardog:api:domicilio;1;19698;70,90 %
tag:stardog:api:the_goncalves_dias_crusade;1;19699;70,90 %
tag:stardog:api:outros_poemas;1;19700;70,90 %
tag:stardog:api:valter_fil;1;19701;70,91 %
tag:stardog:api:matta;1;19702;70,91 %
tag:stardog:api:mall_neto;1;19703;70,91 %
tag:stardog:api:jeronimo_arantes;1;19704;70,92 %
tag:stardog:api:temejakrekate;1;19705;70,92 %
tag:stardog:api:raphael_bluteau;1;19706;70,93 %
tag:stardog:api:renato_da_silveira;1;19707;70,93 %
tag:stardog:api:mae_flavia_pinto;1;19708;70,93 %
tag:stardog:api:ciro_marcondes_filho;1;19709;70,94 %
tag:stardog:api:etienne_samain;1;19710;70,94 %
tag:stardog:api:edgard_leuenroth;1;19711;70,94 %
tag:stardog:api:spurr;1;19712;70,95 %
tag:stardog:api:interpretei;1;19713;70,95 %
tag:stardog:api:p_aeruginosa;1;19714;70,95 %
tag:stardog:api:bird;1;19715;70,96 %
tag:stardog:api:ra;1;19716;70,96 %
tag:stardog:api:tereza_cruz_e_silva;1;19717;70,97 %
tag:stardog:api:ana_celia;1;19718;70,97 %
tag:stardog:api:peppa;1;19719;70,97 %
tag:stardog:api:black_spot;1;19720;70,98 %
tag:stardog:api:ugo_maia_de_andrade;1;19721;70,98 %
tag:stardog:api:de_secas;1;19722;70,98 %
tag:stardog:api:mott;1;19723;70,99 %
tag:stardog:api:ilu_oba_de_min;1;19724;70,99 %
tag:stardog:api:tardiff;1;19725;70,99 %
tag:stardog:api:nay;1;19726;71,00 %
tag:stardog:api:brecht;1;19727;71,00 %
tag:stardog:api:yunes;1;19728;71,00 %
tag:stardog:api:muaze;1;19729;71,01 %
tag:stardog:api:baquite;1;19730;71,01 %
tag:stardog:api:governador_manuel_bernardo_de_mello_e_castro;1;19731;71,02 %
tag:stardog:api:de_zambe;1;19732;71,02 %
tag:stardog:api:bia_carpenter;1;19733;71,02 %
tag:stardog:api:arturo_arias;1;19734;71,03 %
tag:stardog:api:ocupacao_rosa_leao;1;19735;71,03 %
tag:stardog:api:yayu;1;19736;71,03 %
tag:stardog:api:trichechus_inunguis;1;19737;71,04 %
tag:stardog:api:anticancer;1;19738;71,04 %
tag:stardog:api:bertrand;1;19739;71,04 %
tag:stardog:api:flavia_locateli;1;19740;71,05 %
tag:stardog:api:grasses;1;19741;71,05 %
tag:stardog:api:p_thompson;1;19742;71,06 %
tag:stardog:api:brenda_lee;1;19743;71,06 %
tag:stardog:api:tp73;1;19744;71,06 %
tag:stardog:api:thales_de_azevedo;1;19745;71,07 %
tag:stardog:api:pericao;1;19746;71,07 %
tag:stardog:api:sob;1;19747;71,07 %
tag:stardog:api:francia_sirpi;1;19748;71,08 %
tag:stardog:api:nandeva1;1;19749;71,08 %
tag:stardog:api:srgio_buarque;1;19750;71,08 %
tag:stardog:api:ticao;1;19751;71,09 %
tag:stardog:api:joaquim_de_fiore;1;19752;71,09 %
tag:stardog:api:gustavo_melo;1;19753;71,09 %
tag:stardog:api:psychotria_velloziana;1;19754;71,10 %
tag:stardog:api:lucas_veiga;1;19755;71,10 %
tag:stardog:api:macrobrachium_amazonicum;1;19756;71,11 %
tag:stardog:api:heloisa_pires_lima;1;19757;71,11 %
tag:stardog:api:eduardo;1;19758;71,11 %
tag:stardog:api:guairas;1;19759;71,12 %
tag:stardog:api:regulamento_das_missoes;1;19760;71,12 %
tag:stardog:api:mestre_placido;1;19761;71,12 %
tag:stardog:api:etnometodologico;1;19762;71,13 %
tag:stardog:api:glenda_nicacio;1;19763;71,13 %
tag:stardog:api:adto;1;19764;71,13 %
tag:stardog:api:velame;1;19765;71,14 %
tag:stardog:api:carlo_ginzurb;1;19766;71,14 %
tag:stardog:api:alexandre_fernandes;1;19767;71,15 %
tag:stardog:api:de_paula;1;19768;71,15 %
tag:stardog:api:sebastiao_augusto_estevao;1;19769;71,15 %
tag:stardog:api:tahar_ben_jelloun;1;19770;71,16 %
tag:stardog:api:eng;1;19771;71,16 %
tag:stardog:api:evandro_de_oliveira;1;19772;71,16 %
tag:stardog:api:monique_hulshof;1;19773;71,17 %
tag:stardog:api:historyof;1;19774;71,17 %
tag:stardog:api:fulvia_rosemberg;1;19775;71,17 %
tag:stardog:api:cosmopolitics;1;19776;71,18 %
tag:stardog:api:jeanluc_nancy;1;19777;71,18 %
tag:stardog:api:tarenpokon;1;19778;71,18 %
tag:stardog:api:anaiza_vergolino;1;19779;71,19 %
tag:stardog:api:reminiscencias_despertadas;1;19780;71,19 %
tag:stardog:api:epps;1;19781;71,20 %
tag:stardog:api:george_gaskell;1;19782;71,20 %
tag:stardog:api:weyl;1;19783;71,20 %
tag:stardog:api:arte_negra;1;19784;71,21 %
tag:stardog:api:pierre_bordieau;1;19785;71,21 %
tag:stardog:api:vander_waals;1;19786;71,21 %
tag:stardog:api:engravidei;1;19787;71,22 %
tag:stardog:api:i_macrodidyma;1;19788;71,22 %
tag:stardog:api:dhpb;1;19789;71,22 %
tag:stardog:api:ahmadou_kourouma;1;19790;71,23 %
tag:stardog:api:microbiologicamente;1;19791;71,23 %
tag:stardog:api:emmanuelle_jouannet;1;19792;71,24 %
tag:stardog:api:caio_prado_jr;1;19793;71,24 %
tag:stardog:api:hyphessobrycon;1;19794;71,24 %
tag:stardog:api:inaldete_pinheiro_de_andrade;1;19795;71,25 %
tag:stardog:api:michel_onfray;1;19796;71,25 %
tag:stardog:api:mother_nature;1;19797;71,25 %
tag:stardog:api:karen_oliveira;1;19798;71,26 %
tag:stardog:api:ana_rosa_viana_ribeiro;1;19799;71,26 %
tag:stardog:api:ramona;1;19800;71,26 %
tag:stardog:api:haevy_ma_oiko;1;19801;71,27 %
tag:stardog:api:nina_simone;1;19802;71,27 %
tag:stardog:api:por_fim;1;19803;71,27 %
tag:stardog:api:von_ihering;1;19804;71,28 %
tag:stardog:api:filho;1;19805;71,28 %
tag:stardog:api:jose_albino_pimentel_kindergarten;1;19806;71,29 %
tag:stardog:api:arraial_dajuda;1;19807;71,29 %
tag:stardog:api:estacio;1;19808;71,29 %
tag:stardog:api:jose_serra;1;19809;71,30 %
tag:stardog:api:dom_joao_v;1;19810;71,30 %
tag:stardog:api:crotalus;1;19811;71,30 %
tag:stardog:api:rotavirus;1;19812;71,31 %
tag:stardog:api:manuela_carneiro_cunha;1;19813;71,31 %
tag:stardog:api:chandler;1;19814;71,31 %
tag:stardog:api:naranjo;1;19815;71,32 %
tag:stardog:api:mata_cavalomt;1;19816;71,32 %
tag:stardog:api:capivara;1;19817;71,33 %
tag:stardog:api:stryphnodendron;1;19818;71,33 %
tag:stardog:api:vicente_yanez_pinzon;1;19819;71,33 %
tag:stardog:api:xcc51;1;19820;71,34 %
tag:stardog:api:saudeusuario;1;19821;71,34 %
tag:stardog:api:jorge_de_lima_s;1;19822;71,34 %
tag:stardog:api:lopes_de_magalhaes;1;19823;71,35 %
tag:stardog:api:tekoha_itamara;1;19824;71,35 %
tag:stardog:api:guarapuava_fields;1;19825;71,35 %
tag:stardog:api:selo_coletivo;1;19826;71,36 %
tag:stardog:api:roberto_burgos_cantor;1;19827;71,36 %
tag:stardog:api:pauline;1;19828;71,36 %
tag:stardog:api:cerceados;1;19829;71,37 %
tag:stardog:api:otto;1;19830;71,37 %
tag:stardog:api:philomena;1;19831;71,38 %
tag:stardog:api:alma_ata;1;19832;71,38 %
tag:stardog:api:aline_castilho_crespe;1;19833;71,38 %
tag:stardog:api:franco_aixela;1;19834;71,39 %
tag:stardog:api:zefinha;1;19835;71,39 %
tag:stardog:api:doa;1;19836;71,39 %
tag:stardog:api:lupita_nyongo;1;19837;71,40 %
tag:stardog:api:carl_gustav_jungs;1;19838;71,40 %
tag:stardog:api:woordward;1;19839;71,40 %
tag:stardog:api:pesquisa_ativista;1;19840;71,41 %
tag:stardog:api:dionysos_et_al;1;19841;71,41 %
tag:stardog:api:zitkoski;1;19842;71,42 %
tag:stardog:api:geraizeiros;1;19843;71,42 %
tag:stardog:api:anna_nery;1;19844;71,42 %
tag:stardog:api:barton;1;19845;71,43 %
tag:stardog:api:riolando_azzi;1;19846;71,43 %
tag:stardog:api:laudelina_campos_mello;1;19847;71,43 %
tag:stardog:api:aline_rochedo_pachamama;1;19848;71,44 %
tag:stardog:api:eduardo_das_neves;1;19849;71,44 %
tag:stardog:api:kaingang_kainru;1;19850;71,44 %
tag:stardog:api:lelio;1;19851;71,45 %
tag:stardog:api:nhanderu_ete;1;19852;71,45 %
tag:stardog:api:talian;1;19853;71,45 %
tag:stardog:api:ld;1;19854;71,46 %
tag:stardog:api:nelly_coelho;1;19855;71,46 %
tag:stardog:api:socioconstrutivismo;1;19856;71,47 %
tag:stardog:api:5000_ap;1;19857;71,47 %
tag:stardog:api:espinhao;1;19858;71,47 %
tag:stardog:api:indeterminar;1;19859;71,48 %
tag:stardog:api:karmel;1;19860;71,48 %
tag:stardog:api:seminary_viamao;1;19861;71,48 %
tag:stardog:api:lullaby;1;19862;71,49 %
tag:stardog:api:caetano_veloso;1;19863;71,49 %
tag:stardog:api:eunice_prudente;1;19864;71,49 %
tag:stardog:api:kohlberg;1;19865;71,50 %
tag:stardog:api:maria_lucia_pupo;1;19866;71,50 %
tag:stardog:api:coelioxys;1;19867;71,51 %
tag:stardog:api:jorge_duilio_de_lima_meneses;1;19868;71,51 %
tag:stardog:api:palavrasnavalhasdocuras;1;19869;71,51 %
tag:stardog:api:interfluvio_solimoesnegro;1;19870;71,52 %
tag:stardog:api:pai_thomaz;1;19871;71,52 %
tag:stardog:api:lewis_gordon;1;19872;71,52 %
tag:stardog:api:hipolipidemica_e_antimutagenica;1;19873;71,53 %
tag:stardog:api:confirmouse;1;19874;71,53 %
tag:stardog:api:raoscott;1;19875;71,53 %
tag:stardog:api:alinor_de_azevedo;1;19876;71,54 %
tag:stardog:api:pseudosands;1;19877;71,54 %
tag:stardog:api:ana_lucia_sousa;1;19878;71,54 %
tag:stardog:api:decises;1;19879;71,55 %
tag:stardog:api:guy;1;19880;71,55 %
tag:stardog:api:felix_casaverde;1;19881;71,56 %
tag:stardog:api:ctrcorr;1;19882;71,56 %
tag:stardog:api:garson;1;19883;71,56 %
tag:stardog:api:sudan_black;1;19884;71,57 %
tag:stardog:api:acdc;1;19885;71,57 %
tag:stardog:api:baldus_hebert;1;19886;71,57 %
tag:stardog:api:aragao_and_rodrigues;1;19887;71,58 %
tag:stardog:api:cazuza;1;19888;71,58 %
tag:stardog:api:teles_pires;1;19889;71,58 %
tag:stardog:api:ariadne_maria_rios_ribeiro;1;19890;71,59 %
tag:stardog:api:luiz_vieira;1;19891;71,59 %
tag:stardog:api:tatiana_aneas;1;19892;71,60 %
tag:stardog:api:olsen;1;19893;71,60 %
tag:stardog:api:cyphocharax_vanderi;1;19894;71,60 %
tag:stardog:api:pehe;1;19895;71,61 %
tag:stardog:api:faria_filho;1;19896;71,61 %
tag:stardog:api:margarete_arroyo;1;19897;71,61 %
tag:stardog:api:eschwege;1;19898;71,62 %
tag:stardog:api:maoc;1;19899;71,62 %
tag:stardog:api:ione_da_silva_jovino;1;19900;71,62 %
tag:stardog:api:gesser;1;19901;71,63 %
tag:stardog:api:schwegler;1;19902;71,63 %
tag:stardog:api:alfredo_descragnolle_taunay;1;19903;71,63 %
tag:stardog:api:cimicifuga;1;19904;71,64 %
tag:stardog:api:brizolas;1;19905;71,64 %
tag:stardog:api:t_vaginalis;1;19906;71,65 %
tag:stardog:api:dona_maria_tereza_de_jesus;1;19907;71,65 %
tag:stardog:api:dbrasiliensis;1;19908;71,65 %
tag:stardog:api:descortinar_penumbras;1;19909;71,66 %
tag:stardog:api:de_sobrevivencia;1;19910;71,66 %
tag:stardog:api:luiz_otavio;1;19911;71,66 %
tag:stardog:api:guasimal;1;19912;71,67 %
tag:stardog:api:bakke;1;19913;71,67 %
tag:stardog:api:cronotopo;1;19914;71,67 %
tag:stardog:api:pederiva;1;19915;71,68 %
tag:stardog:api:sovik;1;19916;71,68 %
tag:stardog:api:elvira_pires;1;19917;71,69 %
tag:stardog:api:luke_cage;1;19918;71,69 %
tag:stardog:api:claude_geffre;1;19919;71,69 %
tag:stardog:api:zicartola;1;19920;71,70 %
tag:stardog:api:familia_dornelles;1;19921;71,70 %
tag:stardog:api:maafa;1;19922;71,70 %
tag:stardog:api:siloe_soares_de_amorim;1;19923;71,71 %
tag:stardog:api:emil_staiger;1;19924;71,71 %
tag:stardog:api:robert_michels;1;19925;71,71 %
tag:stardog:api:bernardino_de_sahagun;1;19926;71,72 %
tag:stardog:api:da_fala;1;19927;71,72 %
tag:stardog:api:ubirajara_fidalgo;1;19928;71,72 %
tag:stardog:api:gileandro_barbosa_pedro;1;19929;71,73 %
tag:stardog:api:ellwanger;1;19930;71,73 %
tag:stardog:api:e_g_boiling;1;19931;71,74 %
tag:stardog:api:mastrella;1;19932;71,74 %
tag:stardog:api:karai_alcindo_wera_tupa;1;19933;71,74 %
tag:stardog:api:munanga_and_gomes;1;19934;71,75 %
tag:stardog:api:marceneiro;1;19935;71,75 %
tag:stardog:api:marcushi;1;19936;71,75 %
tag:stardog:api:eduardo_sebastiane_ferreira;1;19937;71,76 %
tag:stardog:api:dona_teresa;1;19938;71,76 %
tag:stardog:api:t_albus;1;19939;71,76 %
tag:stardog:api:goiana_pernambuco;1;19940;71,77 %
tag:stardog:api:mario_tronti;1;19941;71,77 %
tag:stardog:api:kassandra_muniz;1;19942;71,78 %
tag:stardog:api:castiel_vitorino_brasileiro;1;19943;71,78 %
tag:stardog:api:de_abajo;1;19944;71,78 %
tag:stardog:api:ruth_guimaraes;1;19945;71,79 %
tag:stardog:api:neverthelerss;1;19946;71,79 %
tag:stardog:api:afetado;1;19947;71,79 %
tag:stardog:api:podersaber;1;19948;71,80 %
tag:stardog:api:gilbert_durand_s;1;19949;71,80 %
tag:stardog:api:orlando_falsborda;1;19950;71,80 %
tag:stardog:api:paul_henry;1;19951;71,81 %
tag:stardog:api:teun_a_van_dijk8223s;1;19952;71,81 %
tag:stardog:api:kyalo;1;19953;71,81 %
tag:stardog:api:henrique_antunes_cunha_junior;1;19954;71,82 %
tag:stardog:api:etnohistoricos;1;19955;71,82 %
tag:stardog:api:proclamacao_da_independencia;1;19956;71,83 %
tag:stardog:api:ucayali;1;19957;71,83 %
tag:stardog:api:dionne_brand;1;19958;71,83 %
tag:stardog:api:negros_escravizados;1;19959;71,84 %
tag:stardog:api:consequentemente;1;19960;71,84 %
tag:stardog:api:ayres_camara_cunha;1;19961;71,84 %
tag:stardog:api:sigatokas;1;19962;71,85 %
tag:stardog:api:zelia_de_brito_fabri_demartini;1;19963;71,85 %
tag:stardog:api:david_sanchez_rubio;1;19964;71,85 %
tag:stardog:api:renascer;1;19965;71,86 %
tag:stardog:api:john_wkingdon;1;19966;71,86 %
tag:stardog:api:vera_cruz;1;19967;71,87 %
tag:stardog:api:l3n1r4;1;19968;71,87 %
tag:stardog:api:eloy_anthero_dias;1;19969;71,87 %
tag:stardog:api:deia_freitas;1;19970;71,88 %
tag:stardog:api:clementino_da_hora;1;19971;71,88 %
tag:stardog:api:waletzy;1;19972;71,88 %
tag:stardog:api:giba_giba;1;19973;71,89 %
tag:stardog:api:hagua_ojevy;1;19974;71,89 %
tag:stardog:api:jose_francisco_filho;1;19975;71,89 %
tag:stardog:api:aquibom;1;19976;71,90 %
tag:stardog:api:hans_robert_jauss;1;19977;71,90 %
tag:stardog:api:suzana_primo;1;19978;71,90 %
tag:stardog:api:gruzinski;1;19979;71,91 %
tag:stardog:api:jeanjaqcques_courtine;1;19980;71,91 %
tag:stardog:api:franchetto;1;19981;71,92 %
tag:stardog:api:cristiane_oliveira;1;19982;71,92 %
tag:stardog:api:eni_agip;1;19983;71,92 %
tag:stardog:api:b_moojeni;1;19984;71,93 %
tag:stardog:api:walter_zanini;1;19985;71,93 %
tag:stardog:api:babassu_forest;1;19986;71,93 %
tag:stardog:api:jane_paiva;1;19987;71,94 %
tag:stardog:api:tati_quebra_barraco;1;19988;71,94 %
tag:stardog:api:dargent;1;19989;71,94 %
tag:stardog:api:ml_hj;1;19990;71,95 %
tag:stardog:api:throughun;1;19991;71,95 %
tag:stardog:api:ialorixa;1;19992;71,96 %
tag:stardog:api:bruxo;1;19993;71,96 %
tag:stardog:api:ojehexauka_haguan_moopevepa;1;19994;71,96 %
tag:stardog:api:da_lei_de_terras;1;19995;71,97 %
tag:stardog:api:obama;1;19996;71,97 %
tag:stardog:api:leguminosae;1;19997;71,97 %
tag:stardog:api:felippe_de_oliveira;1;19998;71,98 %
tag:stardog:api:da_atuacao_de_religiosos;1;19999;71,98 %
tag:stardog:api:tekoa_jataity;1;20000;71,98 %
tag:stardog:api:banadosteitelboimzanelli;1;20001;71,99 %
tag:stardog:api:vapor;1;20002;71,99 %
tag:stardog:api:frank_r_baumgartner;1;20003;71,99 %
tag:stardog:api:bagmamao;1;20004;72,00 %
tag:stardog:api:arnaldo_pinto_junior;1;20005;72,00 %
tag:stardog:api:tchului;1;20006;72,01 %
tag:stardog:api:ze_da_terreira;1;20007;72,01 %
tag:stardog:api:professora_rosa_margarida_rocha;1;20008;72,01 %
tag:stardog:api:mbaerehegua;1;20009;72,02 %
tag:stardog:api:roger_chartiers;1;20010;72,02 %
tag:stardog:api:relacoes_de_trabalho;1;20011;72,02 %
tag:stardog:api:yama;1;20012;72,03 %
tag:stardog:api:heroi_nacional_zumbi_dos_palmares;1;20013;72,03 %
tag:stardog:api:de_apoio;1;20014;72,03 %
tag:stardog:api:benedito_soares_de_castro_municipal_school_of_integral_time;1;20015;72,04 %
tag:stardog:api:robin_cohen;1;20016;72,04 %
tag:stardog:api:bharata;1;20017;72,05 %
tag:stardog:api:kokama_do_alto_solimoes;1;20018;72,05 %
tag:stardog:api:sidney_jard_da_silva;1;20019;72,05 %
tag:stardog:api:amapari;1;20020;72,06 %
tag:stardog:api:marcos_antonio_alexandre;1;20021;72,06 %
tag:stardog:api:lefebvre;1;20022;72,06 %
tag:stardog:api:por_meio_de_um_estudo_de_caso;1;20023;72,07 %
tag:stardog:api:cicero;1;20024;72,07 %
tag:stardog:api:thomas_turino;1;20025;72,07 %
tag:stardog:api:ballestrin;1;20026;72,08 %
tag:stardog:api:demostramos;1;20027;72,08 %
tag:stardog:api:elisabeth_badinter;1;20028;72,08 %
tag:stardog:api:tangu;1;20029;72,09 %
tag:stardog:api:poema_pouco_poema;1;20030;72,09 %
tag:stardog:api:m44a2;1;20031;72,10 %
tag:stardog:api:beatriz;1;20032;72,10 %
tag:stardog:api:ikindene;1;20033;72,10 %
tag:stardog:api:joao_batista_de_lacerda;1;20034;72,11 %
tag:stardog:api:quero_ser;1;20035;72,11 %
tag:stardog:api:modelo;1;20036;72,11 %
tag:stardog:api:kene_shipiboconibo;1;20037;72,12 %
tag:stardog:api:anthonny_giddens;1;20038;72,12 %
tag:stardog:api:sandra_chacra;1;20039;72,12 %
tag:stardog:api:apy_sudeste;1;20040;72,13 %
tag:stardog:api:james_cone;1;20041;72,13 %
tag:stardog:api:stella;1;20042;72,14 %
tag:stardog:api:nara;1;20043;72,14 %
tag:stardog:api:eduardo_passos;1;20044;72,14 %
tag:stardog:api:comparao;1;20045;72,15 %
tag:stardog:api:hunter;1;20046;72,15 %
tag:stardog:api:b_capapretum;1;20047;72,15 %
tag:stardog:api:solano_trindadess;1;20048;72,16 %
tag:stardog:api:ancylostomatoidea;1;20049;72,16 %
tag:stardog:api:dr_alessandro_santos_da_rocha;1;20050;72,16 %
tag:stardog:api:luiz_gonzaga_do_nascimento;1;20051;72,17 %
tag:stardog:api:joao_guelo;1;20052;72,17 %
tag:stardog:api:reterritorializantes;1;20053;72,17 %
tag:stardog:api:ferraz_jr_s;1;20054;72,18 %
tag:stardog:api:reexistem;1;20055;72,18 %
tag:stardog:api:luis_silva_cuti;1;20056;72,19 %
tag:stardog:api:mariejose_mondzain;1;20057;72,19 %
tag:stardog:api:__cobra_mansa;1;20058;72,19 %
tag:stardog:api:reis_rj;1;20059;72,20 %
tag:stardog:api:marbling;1;20060;72,20 %
tag:stardog:api:diego_quispe_tito;1;20061;72,20 %
tag:stardog:api:biossociodemographic;1;20062;72,21 %
tag:stardog:api:vilson_tonin_zanchin;1;20063;72,21 %
tag:stardog:api:louis_vauthier;1;20064;72,21 %
tag:stardog:api:professora_doutora_laura_perez_gil;1;20065;72,22 %
tag:stardog:api:lobatos;1;20066;72,22 %
tag:stardog:api:silvio_almeida2018;1;20067;72,23 %
tag:stardog:api:antonio_macedo_costa;1;20068;72,23 %
tag:stardog:api:ana_tereza_albernaz_state_school;1;20069;72,23 %
tag:stardog:api:vi_etzalcualiztli;1;20070;72,24 %
tag:stardog:api:gaston_bachelards;1;20071;72,24 %
tag:stardog:api:grubtis;1;20072;72,24 %
tag:stardog:api:karina_mirian_da_cruz_valenca;1;20073;72,25 %
tag:stardog:api:condicoes_de;1;20074;72,25 %
tag:stardog:api:jensen;1;20075;72,25 %
tag:stardog:api:m_rusticum;1;20076;72,26 %
tag:stardog:api:sirma_birges;1;20077;72,26 %
tag:stardog:api:antihelmintico_e_nutricional_do_extrato_de_acacia;1;20078;72,26 %
tag:stardog:api:regan;1;20079;72,27 %
tag:stardog:api:relacionalidades_interespecies;1;20080;72,27 %
tag:stardog:api:n101;1;20081;72,28 %
tag:stardog:api:anandamurti;1;20082;72,28 %
tag:stardog:api:dos_africanos_desembarcados;1;20083;72,28 %
tag:stardog:api:general_jose_vieira_couto_de_magalhaes;1;20084;72,29 %
tag:stardog:api:chimamanda_adiche;1;20085;72,29 %
tag:stardog:api:semiotica_de_peirce;1;20086;72,29 %
tag:stardog:api:nhemopua;1;20087;72,30 %
tag:stardog:api:mvl;1;20088;72,30 %
tag:stardog:api:edwin_b;1;20089;72,30 %
tag:stardog:api:anete_abramowicz;1;20090;72,31 %
tag:stardog:api:globalizacao_imaginada;1;20091;72,31 %
tag:stardog:api:yves_sintomer;1;20092;72,32 %
tag:stardog:api:haydee_ribeiro_coelho;1;20093;72,32 %
tag:stardog:api:angelique_kidjo;1;20094;72,32 %
tag:stardog:api:avaliacoes_de_peso;1;20095;72,33 %
tag:stardog:api:ernesto_de_martino;1;20096;72,33 %
tag:stardog:api:mariano_carneiro_da_cunha;1;20097;72,33 %
tag:stardog:api:micropowers;1;20098;72,34 %
tag:stardog:api:carol_stabile;1;20099;72,34 %
tag:stardog:api:simon_ortiz;1;20100;72,34 %
tag:stardog:api:humaniza;1;20101;72,35 %
tag:stardog:api:yanonami_kumirayoma;1;20102;72,35 %
tag:stardog:api:diversificou_por;1;20103;72,35 %
tag:stardog:api:ksat;1;20104;72,36 %
tag:stardog:api:manoel_grave;1;20105;72,36 %
tag:stardog:api:marinheiro;1;20106;72,37 %
tag:stardog:api:antonio_ferreira_cesarino_junior;1;20107;72,37 %
tag:stardog:api:solano_trindades;1;20108;72,37 %
tag:stardog:api:kujubim;1;20109;72,38 %
tag:stardog:api:sergio_tonetto;1;20110;72,38 %
tag:stardog:api:thiane_nunes;1;20111;72,38 %
tag:stardog:api:lalu_lopes;1;20112;72,39 %
tag:stardog:api:john;1;20113;72,39 %
tag:stardog:api:franciane_silva;1;20114;72,39 %
tag:stardog:api:eichhoff;1;20115;72,40 %
tag:stardog:api:lourdes_ferreira;1;20116;72,40 %
tag:stardog:api:david_ausubel;1;20117;72,40 %
tag:stardog:api:lado_tem;1;20118;72,41 %
tag:stardog:api:savio_machado_cavalcante;1;20119;72,41 %
tag:stardog:api:outros_objetos;1;20120;72,42 %
tag:stardog:api:dutchman;1;20121;72,42 %
tag:stardog:api:luiz_antonio;1;20122;72,42 %
tag:stardog:api:moacir_gadotti;1;20123;72,43 %
tag:stardog:api:dom_frederico_costa;1;20124;72,43 %
tag:stardog:api:como_referencia;1;20125;72,43 %
tag:stardog:api:isaias_guarapira;1;20126;72,44 %
tag:stardog:api:odomode;1;20127;72,44 %
tag:stardog:api:fhi;1;20128;72,44 %
tag:stardog:api:andrew_black;1;20129;72,45 %
tag:stardog:api:christine_lamenha;1;20130;72,45 %
tag:stardog:api:zilberman_e_silva;1;20131;72,46 %
tag:stardog:api:nilson_chaves;1;20132;72,46 %
tag:stardog:api:de_mato;1;20133;72,46 %
tag:stardog:api:dr_vander_valduga;1;20134;72,47 %
tag:stardog:api:marina_suely_kofes;1;20135;72,47 %
tag:stardog:api:maria_baibich_faria;1;20136;72,47 %
tag:stardog:api:valeska_zanello;1;20137;72,48 %
tag:stardog:api:straus;1;20138;72,48 %
tag:stardog:api:luis_bueno;1;20139;72,48 %
tag:stardog:api:painleve_vi;1;20140;72,49 %
tag:stardog:api:imperio_serrano;1;20141;72,49 %
tag:stardog:api:ernst_cassier;1;20142;72,49 %
tag:stardog:api:bortoniricardo2008;1;20143;72,50 %
tag:stardog:api:kuery_jogueru;1;20144;72,50 %
tag:stardog:api:vigostski;1;20145;72,51 %
tag:stardog:api:ane_goliotlete;1;20146;72,51 %
tag:stardog:api:girardi;1;20147;72,51 %
tag:stardog:api:marcelo_ariel;1;20148;72,52 %
tag:stardog:api:jamarys;1;20149;72,52 %
tag:stardog:api:cajanus;1;20150;72,52 %
tag:stardog:api:kayne;1;20151;72,53 %
tag:stardog:api:cane;1;20152;72,53 %
tag:stardog:api:culturais;1;20153;72,53 %
tag:stardog:api:djaimilia_pereira_de_almeida;1;20154;72,54 %
tag:stardog:api:organizacoes;1;20155;72,54 %
tag:stardog:api:casal_soares_da_rocha_e_de_alguns_de_seus_dependentes;1;20156;72,55 %
tag:stardog:api:antonio_batocchio;1;20157;72,55 %
tag:stardog:api:patricia_moreira__aranha;1;20158;72,55 %
tag:stardog:api:hassar;1;20159;72,56 %
tag:stardog:api:zurda;1;20160;72,56 %
tag:stardog:api:jacira_moura;1;20161;72,56 %
tag:stardog:api:aleixo;1;20162;72,57 %
tag:stardog:api:gadotte;1;20163;72,57 %
tag:stardog:api:arjun_appadurai;1;20164;72,57 %
tag:stardog:api:dona_maria_do_paraguacu;1;20165;72,58 %
tag:stardog:api:almires_martins_machado;1;20166;72,58 %
tag:stardog:api:willians;1;20167;72,58 %
tag:stardog:api:encantada;1;20168;72,59 %
tag:stardog:api:frei;1;20169;72,59 %
tag:stardog:api:sousa_santos;1;20170;72,60 %
tag:stardog:api:moises_bertoni;1;20171;72,60 %
tag:stardog:api:m_migonei;1;20172;72,60 %
tag:stardog:api:virgilio_de_almeida_bomfim_neto;1;20173;72,61 %
tag:stardog:api:hannerz;1;20174;72,61 %
tag:stardog:api:norval_baitello;1;20175;72,61 %
tag:stardog:api:reesink;1;20176;72,62 %
tag:stardog:api:guillobel;1;20177;72,62 %
tag:stardog:api:pedro_apostolo;1;20178;72,62 %
tag:stardog:api:juridicas;1;20179;72,63 %
tag:stardog:api:socializations;1;20180;72,63 %
tag:stardog:api:qualitativequantitative;1;20181;72,64 %
tag:stardog:api:walter_d_mignolo;1;20182;72,64 %
tag:stardog:api:mestizas;1;20183;72,64 %
tag:stardog:api:tadashi_endo;1;20184;72,65 %
tag:stardog:api:casearia_sylvestris;1;20185;72,65 %
tag:stardog:api:juizesas;1;20186;72,65 %
tag:stardog:api:pierre_verger;1;20187;72,66 %
tag:stardog:api:marteleto;1;20188;72,66 %
tag:stardog:api:dystric_red_latosols;1;20189;72,66 %
tag:stardog:api:deivison_faustino;1;20190;72,67 %
tag:stardog:api:dr_sergio_odilon_nadalin;1;20191;72,67 %
tag:stardog:api:marcus_garvey;1;20192;72,67 %
tag:stardog:api:apollo_nunes;1;20193;72,68 %
tag:stardog:api:cadernos;1;20194;72,68 %
tag:stardog:api:espectroscopia_mossbauer;1;20195;72,69 %
tag:stardog:api:marcio_barbosa;1;20196;72,69 %
tag:stardog:api:mulherismo_afrikana;1;20197;72,69 %
tag:stardog:api:adelle_conceicao;1;20198;72,70 %
tag:stardog:api:evaristo_de_morais;1;20199;72,70 %
tag:stardog:api:patricio_guerrero_arias;1;20200;72,70 %
tag:stardog:api:lucindo;1;20201;72,71 %
tag:stardog:api:oxun;1;20202;72,71 %
tag:stardog:api:sabia_juvencio_rodrigues;1;20203;72,71 %
tag:stardog:api:teresa_colomer;1;20204;72,72 %
tag:stardog:api:galeano;1;20205;72,72 %
tag:stardog:api:horta;1;20206;72,73 %
tag:stardog:api:laurentino_gomes;1;20207;72,73 %
tag:stardog:api:corydoras_flaveolus;1;20208;72,73 %
tag:stardog:api:judiciarys;1;20209;72,74 %
tag:stardog:api:nemongeta_guasu_temikoteve_ojerureva;1;20210;72,74 %
tag:stardog:api:haegui_mbaeaxy;1;20211;72,74 %
tag:stardog:api:catimbojurema;1;20212;72,75 %
tag:stardog:api:domingo_del_monte;1;20213;72,75 %
tag:stardog:api:jk;1;20214;72,75 %
tag:stardog:api:adir_casaro_nascimento;1;20215;72,76 %
tag:stardog:api:monteiro_e_pinheiro;1;20216;72,76 %
tag:stardog:api:marcelly_cristina_mateus_celestino;1;20217;72,76 %
tag:stardog:api:entrevista_semiestruturada;1;20218;72,77 %
tag:stardog:api:simao_pessoa;1;20219;72,77 %
tag:stardog:api:nancy_fraser_s;1;20220;72,78 %
tag:stardog:api:jose_ramos_tinhorao;1;20221;72,78 %
tag:stardog:api:klabin_papeis_monte_alegre;1;20222;72,78 %
tag:stardog:api:siqueira;1;20223;72,79 %
tag:stardog:api:benjamins;1;20224;72,79 %
tag:stardog:api:rt_a_cook;1;20225;72,79 %
tag:stardog:api:eles_organizam;1;20226;72,80 %
tag:stardog:api:iya_adeta;1;20227;72,80 %
tag:stardog:api:raimundo_nonato_nascimento;1;20228;72,80 %
tag:stardog:api:jose_valter_pereira;1;20229;72,81 %
tag:stardog:api:kernel;1;20230;72,81 %
tag:stardog:api:pankaiwka;1;20231;72,82 %
tag:stardog:api:pdpg;1;20232;72,82 %
tag:stardog:api:doutor_negro;1;20233;72,82 %
tag:stardog:api:amperometric;1;20234;72,83 %
tag:stardog:api:martha_hadler;1;20235;72,83 %
tag:stardog:api:heta;1;20236;72,83 %
tag:stardog:api:ortopiroxenio;1;20237;72,84 %
tag:stardog:api:rene_depestre;1;20238;72,84 %
tag:stardog:api:lvistrauss;1;20239;72,84 %
tag:stardog:api:umbanda_sertaneja_north_mine;1;20240;72,85 %
tag:stardog:api:alvaro_villaca_azevedo;1;20241;72,85 %
tag:stardog:api:awas_tingni;1;20242;72,85 %
tag:stardog:api:alain_touraine;1;20243;72,86 %
tag:stardog:api:pari;1;20244;72,86 %
tag:stardog:api:oscilacao_antartica;1;20245;72,87 %
tag:stardog:api:rocha_pitta;1;20246;72,87 %
tag:stardog:api:sa_e_lemos;1;20247;72,87 %
tag:stardog:api:firmaremos;1;20248;72,88 %
tag:stardog:api:taypi;1;20249;72,88 %
tag:stardog:api:mimese;1;20250;72,88 %
tag:stardog:api:sitio_castainho;1;20251;72,89 %
tag:stardog:api:kotaro_tuji;1;20252;72,89 %
tag:stardog:api:p0030;1;20253;72,89 %
tag:stardog:api:geovana_xavier;1;20254;72,90 %
tag:stardog:api:jagun;1;20255;72,90 %
tag:stardog:api:heteronormatividades_racismos;1;20256;72,91 %
tag:stardog:api:adrienne_kaeppler;1;20257;72,91 %
tag:stardog:api:silva_costa;1;20258;72,91 %
tag:stardog:api:barao_de_nova_friburgo;1;20259;72,92 %
tag:stardog:api:configuram;1;20260;72,92 %
tag:stardog:api:fred_daguiar;1;20261;72,92 %
tag:stardog:api:cici_pinheiro;1;20262;72,93 %
tag:stardog:api:robin_wright;1;20263;72,93 %
tag:stardog:api:haber;1;20264;72,93 %
tag:stardog:api:juliana_morais;1;20265;72,94 %
tag:stardog:api:emergencia_nacional_de_saude_publica;1;20266;72,94 %
tag:stardog:api:isabela_figeuiredo;1;20267;72,94 %
tag:stardog:api:migoneimyia_migonei;1;20268;72,95 %
tag:stardog:api:caaro;1;20269;72,95 %
tag:stardog:api:raphani;1;20270;72,96 %
tag:stardog:api:lelia_gonzalez_de_amefricanidade;1;20271;72,96 %
tag:stardog:api:hugo_mann;1;20272;72,96 %
tag:stardog:api:rr1696;1;20273;72,97 %
tag:stardog:api:vaite;1;20274;72,97 %
tag:stardog:api:deise_benedito;1;20275;72,97 %
tag:stardog:api:bester;1;20276;72,98 %
tag:stardog:api:6a_turma_do_stj;1;20277;72,98 %
tag:stardog:api:wodak;1;20278;72,98 %
tag:stardog:api:anapuaka_muniz;1;20279;72,99 %
tag:stardog:api:mother_rita;1;20280;72,99 %
tag:stardog:api:magda_barros_biavaschi;1;20281;73,00 %
tag:stardog:api:foi_utilizada_de_forma_ampla;1;20282;73,00 %
tag:stardog:api:hasse;1;20283;73,00 %
tag:stardog:api:antonia_pimps;1;20284;73,01 %
tag:stardog:api:nito;1;20285;73,01 %
tag:stardog:api:antonio_ciampa;1;20286;73,01 %
tag:stardog:api:lundgren;1;20287;73,02 %
tag:stardog:api:assis_horta;1;20288;73,02 %
tag:stardog:api:betty_friedan;1;20289;73,02 %
tag:stardog:api:perola;1;20290;73,03 %
tag:stardog:api:watson;1;20291;73,03 %
tag:stardog:api:andresa_moreno;1;20292;73,03 %
tag:stardog:api:speeches;1;20293;73,04 %
tag:stardog:api:christian_laval;1;20294;73,04 %
tag:stardog:api:alexis_marquez_rodriguez;1;20295;73,05 %
tag:stardog:api:enquanto_variante_da_identidade_social;1;20296;73,05 %
tag:stardog:api:narcisa_amalia;1;20297;73,05 %
tag:stardog:api:catolicas_pelo_direito_de_decidir;1;20298;73,06 %
tag:stardog:api:cecropia_pachystachya_trecul;1;20299;73,06 %
tag:stardog:api:kaingangues;1;20300;73,06 %
tag:stardog:api:denise_botelho;1;20301;73,07 %
tag:stardog:api:lychnophora;1;20302;73,07 %
tag:stardog:api:metodo_etnogeografico;1;20303;73,07 %
tag:stardog:api:marta_diniz;1;20304;73,08 %
tag:stardog:api:lyapunov;1;20305;73,08 %
tag:stardog:api:frans_post;1;20306;73,09 %
tag:stardog:api:modifed;1;20307;73,09 %
tag:stardog:api:acrean;1;20308;73,09 %
tag:stardog:api:f_il;1;20309;73,10 %
tag:stardog:api:maruwai;1;20310;73,10 %
tag:stardog:api:joao_sura;1;20311;73,10 %
tag:stardog:api:francisco_xavier_cemetery;1;20312;73,11 %
tag:stardog:api:beyer;1;20313;73,11 %
tag:stardog:api:avacanoeiro_land;1;20314;73,11 %
tag:stardog:api:fildadelfia;1;20315;73,12 %
tag:stardog:api:james_fenimore_cooper;1;20316;73,12 %
tag:stardog:api:p_ovale;1;20317;73,12 %
tag:stardog:api:regina_novaes;1;20318;73,13 %
tag:stardog:api:alth_b4;1;20319;73,13 %
tag:stardog:api:yepamahsa;1;20320;73,14 %
tag:stardog:api:provincias_vizinhas;1;20321;73,14 %
tag:stardog:api:poco_das_antas;1;20322;73,14 %
tag:stardog:api:sergio_bairon;1;20323;73,15 %
tag:stardog:api:max_horkheimer;1;20324;73,15 %
tag:stardog:api:ty_oya_bale;1;20325;73,15 %
tag:stardog:api:tomar_decisoes;1;20326;73,16 %
tag:stardog:api:peter_pal_perbart;1;20327;73,16 %
tag:stardog:api:msica_portuguesa;1;20328;73,16 %
tag:stardog:api:brabos;1;20329;73,17 %
tag:stardog:api:boast98;1;20330;73,17 %
tag:stardog:api:gildo_sampaio_megatanucu;1;20331;73,18 %
tag:stardog:api:regiane_regina_ribeiro;1;20332;73,18 %
tag:stardog:api:isso_permitiu;1;20333;73,18 %
tag:stardog:api:himatanthus_drasticus;1;20334;73,19 %
tag:stardog:api:rice;1;20335;73,19 %
tag:stardog:api:xamoi_oikuaa;1;20336;73,19 %
tag:stardog:api:umbanda_caboclo_pena_branca;1;20337;73,20 %
tag:stardog:api:jean_baudrillard;1;20338;73,20 %
tag:stardog:api:toms;1;20339;73,20 %
tag:stardog:api:azeredo_j_j;1;20340;73,21 %
tag:stardog:api:druck;1;20341;73,21 %
tag:stardog:api:baartman;1;20342;73,21 %
tag:stardog:api:casa_de_sao_jose;1;20343;73,22 %
tag:stardog:api:cruzeira_franciscano;1;20344;73,22 %
tag:stardog:api:de_macacu;1;20345;73,23 %
tag:stardog:api:inarandu_avaete;1;20346;73,23 %
tag:stardog:api:alfonso_garcia_rubio;1;20347;73,23 %
tag:stardog:api:zadie_smith;1;20348;73,24 %
tag:stardog:api:ajuda;1;20349;73,24 %
tag:stardog:api:caetano;1;20350;73,24 %
tag:stardog:api:tekoha_marangatu;1;20351;73,25 %
tag:stardog:api:zagonel;1;20352;73,25 %
tag:stardog:api:em_levy_miranda;1;20353;73,25 %
tag:stardog:api:pedro_luiz_b_silva;1;20354;73,26 %
tag:stardog:api:costeiro;1;20355;73,26 %
tag:stardog:api:afoxe;1;20356;73,27 %
tag:stardog:api:s_c_rio_negro;1;20357;73,27 %
tag:stardog:api:land_taunay;1;20358;73,27 %
tag:stardog:api:bonet;1;20359;73,28 %
tag:stardog:api:flores_de_dan;1;20360;73,28 %
tag:stardog:api:fazenda_candeal_ii;1;20361;73,28 %
tag:stardog:api:tibicuera;1;20362;73,29 %
tag:stardog:api:variante_etnica;1;20363;73,29 %
tag:stardog:api:9;1;20364;73,29 %
tag:stardog:api:luciane_ramos_silva;1;20365;73,30 %
tag:stardog:api:yosso;1;20366;73,30 %
tag:stardog:api:stenotrophomonas;1;20367;73,30 %
tag:stardog:api:educacao_antirracista;1;20368;73,31 %
tag:stardog:api:bernard_schneuwly;1;20369;73,31 %
tag:stardog:api:mariana_rodrigues;1;20370;73,32 %
tag:stardog:api:corrego_narciso;1;20371;73,32 %
tag:stardog:api:francisco_sotero_dos_reis;1;20372;73,32 %
tag:stardog:api:glauco_mattoso;1;20373;73,33 %
tag:stardog:api:goteborguniversity;1;20374;73,33 %
tag:stardog:api:direo;1;20375;73,33 %
tag:stardog:api:aceitaram;1;20376;73,34 %
tag:stardog:api:maria_gabriela_silva_martins_da_cunha_marinho;1;20377;73,34 %
tag:stardog:api:leonurus;1;20378;73,34 %
tag:stardog:api:l_f;1;20379;73,35 %
tag:stardog:api:juan_gines_sepulveda;1;20380;73,35 %
tag:stardog:api:dr_moacir_jose_dos_santos;1;20381;73,36 %
tag:stardog:api:roberto_pontual;1;20382;73,36 %
tag:stardog:api:potyara_amazoneida_pereira_pereira;1;20383;73,36 %
tag:stardog:api:arnold_krupat;1;20384;73,37 %
tag:stardog:api:jorge_icaza;1;20385;73,37 %
tag:stardog:api:marcus_andre_b_melo;1;20386;73,37 %
tag:stardog:api:luciene_silva;1;20387;73,38 %
tag:stardog:api:05l;1;20388;73,38 %
tag:stardog:api:alfredo_luiz_paes_de_oliveira_suppia;1;20389;73,38 %
tag:stardog:api:cd20;1;20390;73,39 %
tag:stardog:api:mark_twains;1;20391;73,39 %
tag:stardog:api:miguel_alfredo_carid_naveira;1;20392;73,39 %
tag:stardog:api:oyeye_ni_mo;1;20393;73,40 %
tag:stardog:api:pai_joaquim_da_calunga;1;20394;73,40 %
tag:stardog:api:divino_espirito_santo;1;20395;73,41 %
tag:stardog:api:stephen_baines;1;20396;73,41 %
tag:stardog:api:gregorio;1;20397;73,41 %
tag:stardog:api:antonio_carlos_zuffo;1;20398;73,42 %
tag:stardog:api:de_coco;1;20399;73,42 %
tag:stardog:api:mul;1;20400;73,42 %
tag:stardog:api:laudelina;1;20401;73,43 %
tag:stardog:api:expresidente_da_fundacao_cultural_palmares;1;20402;73,43 %
tag:stardog:api:outridade;1;20403;73,43 %
tag:stardog:api:rcv;1;20404;73,44 %
tag:stardog:api:folin;1;20405;73,44 %
tag:stardog:api:na2s;1;20406;73,45 %
tag:stardog:api:poscoloniais_latino_americanos;1;20407;73,45 %
tag:stardog:api:dona_maria;1;20408;73,45 %
tag:stardog:api:caio_franco;1;20409;73,46 %
tag:stardog:api:campos_salles;1;20410;73,46 %
tag:stardog:api:bimba_escola_de_capoeira;1;20411;73,46 %
tag:stardog:api:guillermo_odonnell;1;20412;73,47 %
tag:stardog:api:tripe;1;20413;73,47 %
tag:stardog:api:micropygomyia_peresi;1;20414;73,47 %
tag:stardog:api:yrua;1;20415;73,48 %
tag:stardog:api:francis;1;20416;73,48 %
tag:stardog:api:lourdes_fernandes_de_souza;1;20417;73,48 %
tag:stardog:api:maquiavel;1;20418;73,49 %
tag:stardog:api:cohens;1;20419;73,49 %
tag:stardog:api:zeila;1;20420;73,50 %
tag:stardog:api:apontar_para_explicar_diferencas_de_enfoque_e_ritmo_na;1;20421;73,50 %
tag:stardog:api:ramarama;1;20422;73,50 %
tag:stardog:api:quispe_tito;1;20423;73,51 %
tag:stardog:api:t_i_pimentel_barbosa;1;20424;73,51 %
tag:stardog:api:baxter;1;20425;73,51 %
tag:stardog:api:isadora_lins_franca;1;20426;73,52 %
tag:stardog:api:2003c;1;20427;73,52 %
tag:stardog:api:jarena_lees;1;20428;73,52 %
tag:stardog:api:l_monocytogenes;1;20429;73,53 %
tag:stardog:api:candido_portinari;1;20430;73,53 %
tag:stardog:api:wood;1;20431;73,54 %
tag:stardog:api:oliveira_junior;1;20432;73,54 %
tag:stardog:api:campos_afetivossemioticos;1;20433;73,54 %
tag:stardog:api:dilma_rousseff_s;1;20434;73,55 %
tag:stardog:api:urbana;1;20435;73,55 %
tag:stardog:api:p0037;1;20436;73,55 %
tag:stardog:api:viktor_alleksanderovitch_shnirelman;1;20437;73,56 %
tag:stardog:api:da_juventude_pe;1;20438;73,56 %
tag:stardog:api:jarzy_grotowski;1;20439;73,56 %
tag:stardog:api:wheeler;1;20440;73,57 %
tag:stardog:api:politico_oposto;1;20441;73,57 %
tag:stardog:api:ruth_frankenberg;1;20442;73,57 %
tag:stardog:api:hierarquizes;1;20443;73,58 %
tag:stardog:api:joyce_prado;1;20444;73,58 %
tag:stardog:api:giuseppe_cocco;1;20445;73,59 %
tag:stardog:api:galvez;1;20446;73,59 %
tag:stardog:api:leach;1;20447;73,59 %
tag:stardog:api:consciencia_moral_e_agir_comunicativo;1;20448;73,60 %
tag:stardog:api:medea;1;20449;73,60 %
tag:stardog:api:oriana_jara;1;20450;73,60 %
tag:stardog:api:emilene_sousa;1;20451;73,61 %
tag:stardog:api:turato;1;20452;73,61 %
tag:stardog:api:danielhenri_pageaux;1;20453;73,61 %
tag:stardog:api:xavante_mario_juruna;1;20454;73,62 %
tag:stardog:api:demarca;1;20455;73,62 %
tag:stardog:api:joan;1;20456;73,63 %
tag:stardog:api:cida;1;20457;73,63 %
tag:stardog:api:mila;1;20458;73,63 %
tag:stardog:api:quilombola_capoeiras;1;20459;73,64 %
tag:stardog:api:evanil_maciel;1;20460;73,64 %
tag:stardog:api:btoiry;1;20461;73,64 %
tag:stardog:api:dessa_rose;1;20462;73,65 %
tag:stardog:api:paulo_lopes_afrodescendants;1;20463;73,65 %
tag:stardog:api:shg_autorreferida;1;20464;73,65 %
tag:stardog:api:watu_kuem;1;20465;73,66 %
tag:stardog:api:banton;1;20466;73,66 %
tag:stardog:api:austinian;1;20467;73,66 %
tag:stardog:api:mato_grosso_s;1;20468;73,67 %
tag:stardog:api:acadepol;1;20469;73,67 %
tag:stardog:api:gumbrecht;1;20470;73,68 %
tag:stardog:api:rosa_hessel_silveira;1;20471;73,68 %
tag:stardog:api:renato_kehl;1;20472;73,68 %
tag:stardog:api:ivania_neves;1;20473;73,69 %
tag:stardog:api:olga_benario;1;20474;73,69 %
tag:stardog:api:hendel;1;20475;73,69 %
tag:stardog:api:homem_novo;1;20476;73,70 %
tag:stardog:api:heringer;1;20477;73,70 %
tag:stardog:api:dekkera_bruxellensis;1;20478;73,70 %
tag:stardog:api:pinheiralifrj;1;20479;73,71 %
tag:stardog:api:peterson;1;20480;73,71 %
tag:stardog:api:lia;1;20481;73,72 %
tag:stardog:api:horacio_almeida;1;20482;73,72 %
tag:stardog:api:voiceo;1;20483;73,72 %
tag:stardog:api:rhodotorula_mucilagenosa;1;20484;73,73 %
tag:stardog:api:aldof_bastian;1;20485;73,73 %
tag:stardog:api:sentenciado;1;20486;73,73 %
tag:stardog:api:sociologia_reflexiva;1;20487;73,74 %
tag:stardog:api:jacques_marre;1;20488;73,74 %
tag:stardog:api:leandro_passos;1;20489;73,74 %
tag:stardog:api:bolger;1;20490;73,75 %
tag:stardog:api:apanjekra_canela;1;20491;73,75 %
tag:stardog:api:helene_clastres;1;20492;73,75 %
tag:stardog:api:grau_de_participacao_dos_movimentos;1;20493;73,76 %
tag:stardog:api:deepa_mehta;1;20494;73,76 %
tag:stardog:api:he;1;20495;73,77 %
tag:stardog:api:professor_remanescente;1;20496;73,77 %
tag:stardog:api:flagrante;1;20497;73,77 %
tag:stardog:api:dao_margem_a_opressao_diferenciada_das_mulheres;1;20498;73,78 %
tag:stardog:api:tetragonisca;1;20499;73,78 %
tag:stardog:api:unassimilable;1;20500;73,78 %
tag:stardog:api:berman;1;20501;73,79 %
tag:stardog:api:fundamentei;1;20502;73,79 %
tag:stardog:api:andila_kaingang;1;20503;73,79 %
tag:stardog:api:m_a;1;20504;73,80 %
tag:stardog:api:brachiaria;1;20505;73,80 %
tag:stardog:api:swartzia;1;20506;73,81 %
tag:stardog:api:hr322;1;20507;73,81 %
tag:stardog:api:jose_maria_gomez;1;20508;73,81 %
tag:stardog:api:marco_teorico_atevese;1;20509;73,82 %
tag:stardog:api:edwin_boudewijn;1;20510;73,82 %
tag:stardog:api:maria_francisca_catarino_da_silva;1;20511;73,82 %
tag:stardog:api:neguinho_do_samba;1;20512;73,83 %
tag:stardog:api:mantm;1;20513;73,83 %
tag:stardog:api:kyrios;1;20514;73,83 %
tag:stardog:api:vafy;1;20515;73,84 %
tag:stardog:api:arturo_costa_alvarez;1;20516;73,84 %
tag:stardog:api:desejamos;1;20517;73,84 %
tag:stardog:api:tonico_benites;1;20518;73,85 %
tag:stardog:api:john_stuart_mill;1;20519;73,85 %
tag:stardog:api:juliana_farias;1;20520;73,86 %
tag:stardog:api:maria_filomena_spatti_sandalo;1;20521;73,86 %
tag:stardog:api:scotson;1;20522;73,86 %
tag:stardog:api:ava_avi;1;20523;73,87 %
tag:stardog:api:professora_dra;1;20524;73,87 %
tag:stardog:api:kulinapano;1;20525;73,87 %
tag:stardog:api:henrique_gimenes;1;20526;73,88 %
tag:stardog:api:amanda_mafra_de_escobar;1;20527;73,88 %
tag:stardog:api:edson_pereira_de_souza;1;20528;73,88 %
tag:stardog:api:baldi;1;20529;73,89 %
tag:stardog:api:acestrorhynchus_lacustris;1;20530;73,89 %
tag:stardog:api:coelho_takariju;1;20531;73,90 %
tag:stardog:api:a_mulher;1;20532;73,90 %
tag:stardog:api:sonhos_douro;1;20533;73,90 %
tag:stardog:api:newton_antonio_paciulli_bryan;1;20534;73,91 %
tag:stardog:api:batalla;1;20535;73,91 %
tag:stardog:api:f3;1;20536;73,91 %
tag:stardog:api:angela_maria_de_souza;1;20537;73,92 %
tag:stardog:api:lucia_da_costa_ferreira;1;20538;73,92 %
tag:stardog:api:jorge_lobo;1;20539;73,92 %
tag:stardog:api:maria_teresa_egler_mantoan;1;20540;73,93 %
tag:stardog:api:lia_vainer_shucman;1;20541;73,93 %
tag:stardog:api:jeanjacques_nattiez;1;20542;73,93 %
tag:stardog:api:canelas;1;20543;73,94 %
tag:stardog:api:maria_auxiliadora_moreira_dos_santos_schmidt;1;20544;73,94 %
tag:stardog:api:lino_figueroa;1;20545;73,95 %
tag:stardog:api:franklin_americo_de_menezes_doria;1;20546;73,95 %
tag:stardog:api:voi_akoi;1;20547;73,95 %
tag:stardog:api:imperio_persa;1;20548;73,96 %
tag:stardog:api:eros_antonio_de_almeida;1;20549;73,96 %
tag:stardog:api:iluchar_desmons;1;20550;73,96 %
tag:stardog:api:kueiry_xamoi;1;20551;73,97 %
tag:stardog:api:the_akratikateje_people;1;20552;73,97 %
tag:stardog:api:paul_max_fritz_jahr;1;20553;73,97 %
tag:stardog:api:anna_francisca_tocantins;1;20554;73,98 %
tag:stardog:api:shaira;1;20555;73,98 %
tag:stardog:api:nya_stra;1;20556;73,99 %
tag:stardog:api:rashida_jones;1;20557;73,99 %
tag:stardog:api:espartaco;1;20558;73,99 %
tag:stardog:api:brenda_moraes;1;20559;74,00 %
tag:stardog:api:von_bock;1;20560;74,00 %
tag:stardog:api:relaciono;1;20561;74,00 %
tag:stardog:api:geneder_equality;1;20562;74,01 %
tag:stardog:api:alicia;1;20563;74,01 %
tag:stardog:api:de_lingua_portuguesa;1;20564;74,01 %
tag:stardog:api:angela_figueiredo;1;20565;74,02 %
tag:stardog:api:feot;1;20566;74,02 %
tag:stardog:api:chico_rei;1;20567;74,02 %
tag:stardog:api:abreu_e_mattos;1;20568;74,03 %
tag:stardog:api:livro_genesis;1;20569;74,03 %
tag:stardog:api:visadas_discursivas;1;20570;74,04 %
tag:stardog:api:hagua_ombohasa;1;20571;74,04 %
tag:stardog:api:babacu;1;20572;74,04 %
tag:stardog:api:justapostas;1;20573;74,05 %
tag:stardog:api:quilombola_mumbuca;1;20574;74,05 %
tag:stardog:api:soren_kierkegaard;1;20575;74,05 %
tag:stardog:api:maranhao_nina_rodrigues;1;20576;74,06 %
tag:stardog:api:valeria_belem;1;20577;74,06 %
tag:stardog:api:matthiessen;1;20578;74,06 %
tag:stardog:api:perdigao_malheiro;1;20579;74,07 %
tag:stardog:api:raymond;1;20580;74,07 %
tag:stardog:api:rodolfo_amoedo;1;20581;74,08 %
tag:stardog:api:francisco_leite_de_bittencourt_sampaio;1;20582;74,08 %
tag:stardog:api:eloy;1;20583;74,08 %
tag:stardog:api:dom_jose_i;1;20584;74,09 %
tag:stardog:api:santanna;1;20585;74,09 %
tag:stardog:api:jose_cabral;1;20586;74,09 %
tag:stardog:api:lavrinhas;1;20587;74,10 %
tag:stardog:api:snicar;1;20588;74,10 %
tag:stardog:api:os_conflitos_entre_indigenas;1;20589;74,10 %
tag:stardog:api:mborayu;1;20590;74,11 %
tag:stardog:api:evelyn_kay_massaro;1;20591;74,11 %
tag:stardog:api:metodologicos;1;20592;74,11 %
tag:stardog:api:influencia_jovem;1;20593;74,12 %
tag:stardog:api:jagunco;1;20594;74,12 %
tag:stardog:api:criolo;1;20595;74,13 %
tag:stardog:api:noob;1;20596;74,13 %
tag:stardog:api:segura_insercao_de_quadros;1;20597;74,13 %
tag:stardog:api:catechization;1;20598;74,14 %
tag:stardog:api:mark_madham;1;20599;74,14 %
tag:stardog:api:jorge_iaparra_indigenous_state_school;1;20600;74,14 %
tag:stardog:api:hegemonic_discourseau;1;20601;74,15 %
tag:stardog:api:bazar_volante;1;20602;74,15 %
tag:stardog:api:dialogica;1;20603;74,15 %
tag:stardog:api:scifoni;1;20604;74,16 %
tag:stardog:api:gymnocorymbus_eigenmann;1;20605;74,16 %
tag:stardog:api:verger;1;20606;74,16 %
tag:stardog:api:anya;1;20607;74,17 %
tag:stardog:api:frantz_omar_fanon;1;20608;74,17 %
tag:stardog:api:bule_bule;1;20609;74,18 %
tag:stardog:api:manoel_arao;1;20610;74,18 %
tag:stardog:api:periodo_da_reificacao_racial;1;20611;74,18 %
tag:stardog:api:comercio_justo;1;20612;74,19 %
tag:stardog:api:makunaima_pantoni;1;20613;74,19 %
tag:stardog:api:herge;1;20614;74,19 %
tag:stardog:api:charles_tilly;1;20615;74,20 %
tag:stardog:api:zeca_chapeu_grande;1;20616;74,20 %
tag:stardog:api:espectroscopia_ramam;1;20617;74,20 %
tag:stardog:api:merleau_ponty;1;20618;74,21 %
tag:stardog:api:switchreference;1;20619;74,21 %
tag:stardog:api:leishman;1;20620;74,22 %
tag:stardog:api:antonio_lafuente;1;20621;74,22 %
tag:stardog:api:lenoir_tibirica;1;20622;74,22 %
tag:stardog:api:torelly;1;20623;74,23 %
tag:stardog:api:kei_miller;1;20624;74,23 %
tag:stardog:api:telaris;1;20625;74,23 %
tag:stardog:api:rosarita_fleury;1;20626;74,24 %
tag:stardog:api:igor;1;20627;74,24 %
tag:stardog:api:roger_josef_zemp;1;20628;74,24 %
tag:stardog:api:frei_jesuino_de_monte_carmelo;1;20629;74,25 %
tag:stardog:api:americo_souza_de_oliveira;1;20630;74,25 %
tag:stardog:api:bilingueinterprete;1;20631;74,25 %
tag:stardog:api:dnp6;1;20632;74,26 %
tag:stardog:api:william_labov;1;20633;74,26 %
tag:stardog:api:palavrasch;1;20634;74,27 %
tag:stardog:api:maria_paula_menezes;1;20635;74,27 %
tag:stardog:api:carlos_santos;1;20636;74,27 %
tag:stardog:api:pyrogenes;1;20637;74,28 %
tag:stardog:api:winfried_noth;1;20638;74,28 %
tag:stardog:api:borborema;1;20639;74,28 %
tag:stardog:api:mae_de_santo;1;20640;74,29 %
tag:stardog:api:durantti;1;20641;74,29 %
tag:stardog:api:dom_aldo_mongiano;1;20642;74,29 %
tag:stardog:api:capitao_david;1;20643;74,30 %
tag:stardog:api:mancini;1;20644;74,30 %
tag:stardog:api:antonio_torres_meu_querido_canibal;1;20645;74,31 %
tag:stardog:api:encantarias;1;20646;74,31 %
tag:stardog:api:sherlock_holmes3_dupin;1;20647;74,31 %
tag:stardog:api:ic95;1;20648;74,32 %
tag:stardog:api:a_niger;1;20649;74,32 %
tag:stardog:api:candombls_ketu;1;20650;74,32 %
tag:stardog:api:boudox_peres;1;20651;74,33 %
tag:stardog:api:kaoiwa;1;20652;74,33 %
tag:stardog:api:guignardia_citricarpa;1;20653;74,33 %
tag:stardog:api:sara;1;20654;74,34 %
tag:stardog:api:ana_tais_portanova_barros;1;20655;74,34 %
tag:stardog:api:leoncy;1;20656;74,34 %
tag:stardog:api:ci50;1;20657;74,35 %
tag:stardog:api:erin_manning;1;20658;74,35 %
tag:stardog:api:geraldo_campos_de_oliveira;1;20659;74,36 %
tag:stardog:api:tommasino;1;20660;74,36 %
tag:stardog:api:silva_de_belem;1;20661;74,36 %
tag:stardog:api:judite_butler;1;20662;74,37 %
tag:stardog:api:luiz_bacellar;1;20663;74,37 %
tag:stardog:api:paul_ehrenreich;1;20664;74,37 %
tag:stardog:api:walter_benjamin1987a;1;20665;74,38 %
tag:stardog:api:leguabojibua;1;20666;74,38 %
tag:stardog:api:allemao;1;20667;74,38 %
tag:stardog:api:democracia_deliberativa;1;20668;74,39 %
tag:stardog:api:john_law;1;20669;74,39 %
tag:stardog:api:chiampi;1;20670;74,40 %
tag:stardog:api:pode_ser_definido_este_trabalho_de_pesquisa;1;20671;74,40 %
tag:stardog:api:paro;1;20672;74,40 %
tag:stardog:api:onhembopara_ma_kuaxia;1;20673;74,41 %
tag:stardog:api:desenhisticos;1;20674;74,41 %
tag:stardog:api:callou_sawaia;1;20675;74,41 %
tag:stardog:api:sussia;1;20676;74,42 %
tag:stardog:api:sylva_ezema_kalu;1;20677;74,42 %
tag:stardog:api:etnomatematicas;1;20678;74,42 %
tag:stardog:api:rocco;1;20679;74,43 %
tag:stardog:api:ligacao;1;20680;74,43 %
tag:stardog:api:filu;1;20681;74,43 %
tag:stardog:api:marcos_lopes_de_souza;1;20682;74,44 %
tag:stardog:api:edicao_reformulada;1;20683;74,44 %
tag:stardog:api:paulson;1;20684;74,45 %
tag:stardog:api:alexina_rosa_figueiredo;1;20685;74,45 %
tag:stardog:api:galinsoga;1;20686;74,45 %
tag:stardog:api:huckleberry_finn;1;20687;74,46 %
tag:stardog:api:bonini;1;20688;74,46 %
tag:stardog:api:chevallard;1;20689;74,46 %
tag:stardog:api:lei_de_diretrizes_e_bases_da_educacao_nacionalldb;1;20690;74,47 %
tag:stardog:api:achille_mbembes;1;20691;74,47 %
tag:stardog:api:agua_de_lya;1;20692;74,47 %
tag:stardog:api:nem_mesmo_das_poucas_possibilidades_de;1;20693;74,48 %
tag:stardog:api:arnaldo_santos;1;20694;74,48 %
tag:stardog:api:regina_silveira;1;20695;74,49 %
tag:stardog:api:abramovich;1;20696;74,49 %
tag:stardog:api:margarida_jorge_leodoro;1;20697;74,49 %
tag:stardog:api:david_nunes;1;20698;74,50 %
tag:stardog:api:a_japi_n_sp;1;20699;74,50 %
tag:stardog:api:oliverira;1;20700;74,50 %
tag:stardog:api:inclusao_etnicoracial;1;20701;74,51 %
tag:stardog:api:ribamar_ribeiro;1;20702;74,51 %
tag:stardog:api:desterritorializacao_reterritorializacao;1;20703;74,51 %
tag:stardog:api:maria_conceicao_da_costa;1;20704;74,52 %
tag:stardog:api:peter_haberle;1;20705;74,52 %
tag:stardog:api:carolina_dos_anjos;1;20706;74,52 %
tag:stardog:api:soja;1;20707;74,53 %
tag:stardog:api:salazar;1;20708;74,53 %
tag:stardog:api:luiz_ru;1;20709;74,54 %
tag:stardog:api:joao_de_deus_e_intuitivo;1;20710;74,54 %
tag:stardog:api:lorena_cabnal;1;20711;74,54 %
tag:stardog:api:b_verl;1;20712;74,55 %
tag:stardog:api:norbert_wiener;1;20713;74,55 %
tag:stardog:api:raewyn_connell;1;20714;74,55 %
tag:stardog:api:marcio_brown;1;20715;74,56 %
tag:stardog:api:lelia;1;20716;74,56 %
tag:stardog:api:immanuel_kant;1;20717;74,56 %
tag:stardog:api:rosenberg;1;20718;74,57 %
tag:stardog:api:medio_de_15;1;20719;74,57 %
tag:stardog:api:joan_francelino;1;20720;74,58 %
tag:stardog:api:jose_de_anchieta;1;20721;74,58 %
tag:stardog:api:dona_irineia;1;20722;74,58 %
tag:stardog:api:babini;1;20723;74,59 %
tag:stardog:api:micropygomyia_schreiberi;1;20724;74,59 %
tag:stardog:api:jaccoud;1;20725;74,59 %
tag:stardog:api:dr_pedro_rodolfo_bode_de_morais;1;20726;74,60 %
tag:stardog:api:francisco_carlos_fernandes_ribeiro;1;20727;74,60 %
tag:stardog:api:kreiser_jr;1;20728;74,60 %
tag:stardog:api:atalaia;1;20729;74,61 %
tag:stardog:api:ze_alves;1;20730;74,61 %
tag:stardog:api:antonio_de_azevedo_barros_filho;1;20731;74,61 %
tag:stardog:api:walquiria_g_d_leao_do_rego;1;20732;74,62 %
tag:stardog:api:camargo_correia;1;20733;74,62 %
tag:stardog:api:cruzada_sao_sebastiao;1;20734;74,63 %
tag:stardog:api:donald_w_crowe;1;20735;74,63 %
tag:stardog:api:mauricio_de_abreu;1;20736;74,63 %
tag:stardog:api:renato_guerios;1;20737;74,64 %
tag:stardog:api:antonio_xavier;1;20738;74,64 %
tag:stardog:api:luis_eduardo_magalhaes;1;20739;74,64 %
tag:stardog:api:xikrinmebengokre;1;20740;74,65 %
tag:stardog:api:inarandu_hekove_rehegua;1;20741;74,65 %
tag:stardog:api:a_rosanae;1;20742;74,65 %
tag:stardog:api:vera_paz;1;20743;74,66 %
tag:stardog:api:alfredo_boulos_jr;1;20744;74,66 %
tag:stardog:api:agar_batata_dextrose;1;20745;74,67 %
tag:stardog:api:pederson;1;20746;74,67 %
tag:stardog:api:renata_silva;1;20747;74,67 %
tag:stardog:api:piroxicam;1;20748;74,68 %
tag:stardog:api:francis_don_mckenzie;1;20749;74,68 %
tag:stardog:api:segslam;1;20750;74,68 %
tag:stardog:api:emerson_merhy;1;20751;74,69 %
tag:stardog:api:arturos;1;20752;74,69 %
tag:stardog:api:selva_guimaraes;1;20753;74,69 %
tag:stardog:api:diachlorus_distinctus_lutz;1;20754;74,70 %
tag:stardog:api:tupinikim_curumins;1;20755;74,70 %
tag:stardog:api:markowitz;1;20756;74,70 %
tag:stardog:api:pagamento_baseado;1;20757;74,71 %
tag:stardog:api:reynolds;1;20758;74,71 %
tag:stardog:api:movimento_negro;1;20759;74,72 %
tag:stardog:api:bonnici;1;20760;74,72 %
tag:stardog:api:maurice_tardif_s;1;20761;74,72 %
tag:stardog:api:celma_fernanda_tavares_de_almeida;1;20762;74,73 %
tag:stardog:api:sars;1;20763;74,73 %
tag:stardog:api:muysken;1;20764;74,73 %
tag:stardog:api:rosymeri_ribeiro;1;20765;74,74 %
tag:stardog:api:pomba;1;20766;74,74 %
tag:stardog:api:metconazol;1;20767;74,74 %
tag:stardog:api:manzo;1;20768;74,75 %
tag:stardog:api:saul_a;1;20769;74,75 %
tag:stardog:api:territorio_sobre;1;20770;74,76 %
tag:stardog:api:circunferencia;1;20771;74,76 %
tag:stardog:api:p_vivax_like;1;20772;74,76 %
tag:stardog:api:indigenas_nas;1;20773;74,77 %
tag:stardog:api:teori_zavasck;1;20774;74,77 %
tag:stardog:api:sonia_gomes;1;20775;74,77 %
tag:stardog:api:molleta;1;20776;74,78 %
tag:stardog:api:geoconservation;1;20777;74,78 %
tag:stardog:api:eleonora_cavalcante_albano;1;20778;74,78 %
tag:stardog:api:relevancia_concomitante_da_orientacao;1;20779;74,79 %
tag:stardog:api:microschemobrycon_casiquiare;1;20780;74,79 %
tag:stardog:api:corumi;1;20781;74,79 %
tag:stardog:api:seneca;1;20782;74,80 %
tag:stardog:api:village_renascer;1;20783;74,80 %
tag:stardog:api:walfrido_kuhl_svoboda;1;20784;74,81 %
tag:stardog:api:ernesto_maeder;1;20785;74,81 %
tag:stardog:api:jacques_arlindo_dos_santos;1;20786;74,81 %
tag:stardog:api:hermene;1;20787;74,82 %
tag:stardog:api:ekena;1;20788;74,82 %
tag:stardog:api:mare_carminha_rosa;1;20789;74,82 %
tag:stardog:api:microscopia;1;20790;74,83 %
tag:stardog:api:alves__sa;1;20791;74,83 %
tag:stardog:api:eduardo_tulio_baggio;1;20792;74,83 %
tag:stardog:api:curcuma;1;20793;74,84 %
tag:stardog:api:p004;1;20794;74,84 %
tag:stardog:api:irie;1;20795;74,85 %
tag:stardog:api:jose_blanes_sala;1;20796;74,85 %
tag:stardog:api:humphrey;1;20797;74,85 %
tag:stardog:api:inventario_ipacsic;1;20798;74,86 %
tag:stardog:api:marcio_jose_barbosa;1;20799;74,86 %
tag:stardog:api:rosane_kaminski;1;20800;74,86 %
tag:stardog:api:ko_tuku_nenim;1;20801;74,87 %
tag:stardog:api:green_lemon;1;20802;74,87 %
tag:stardog:api:durval_muniz_de_albuquerque_junior;1;20803;74,87 %
tag:stardog:api:reben;1;20804;74,88 %
tag:stardog:api:orozcogomez;1;20805;74,88 %
tag:stardog:api:afonso_schmidt;1;20806;74,88 %
tag:stardog:api:concorrido_mercado_de_abastecimento_da_cidade_de_salvador;1;20807;74,89 %
tag:stardog:api:oiko_mbovy_ara_rei_tekoa_py;1;20808;74,89 %
tag:stardog:api:fabricio_rodrigues;1;20809;74,90 %
tag:stardog:api:darren_wilson;1;20810;74,90 %
tag:stardog:api:pcdob;1;20811;74,90 %
tag:stardog:api:suia;1;20812;74,91 %
tag:stardog:api:sai_da_frente;1;20813;74,91 %
tag:stardog:api:zehr;1;20814;74,91 %
tag:stardog:api:molaitapocupa;1;20815;74,92 %
tag:stardog:api:antonia_marias_de_jesus;1;20816;74,92 %
tag:stardog:api:baptiste_fouchard;1;20817;74,92 %
tag:stardog:api:wettinia_maynensis;1;20818;74,93 %
tag:stardog:api:aime_cesarie;1;20819;74,93 %
tag:stardog:api:rebeliao_escrava;1;20820;74,94 %
tag:stardog:api:buscase;1;20821;74,94 %
tag:stardog:api:caib;1;20822;74,94 %
tag:stardog:api:amir_ordacgi_caldeira;1;20823;74,95 %
tag:stardog:api:finnemore;1;20824;74,95 %
tag:stardog:api:resgatar;1;20825;74,95 %
tag:stardog:api:vidigal;1;20826;74,96 %
tag:stardog:api:jean_jaquescourtine;1;20827;74,96 %
tag:stardog:api:olavo_bilac;1;20828;74,96 %
tag:stardog:api:kirti;1;20829;74,97 %
tag:stardog:api:dom_aldo;1;20830;74,97 %
tag:stardog:api:mythologi_cal;1;20831;74,97 %
tag:stardog:api:moreno_fernandez;1;20832;74,98 %
tag:stardog:api:finkler;1;20833;74,98 %
tag:stardog:api:brahma;1;20834;74,99 %
tag:stardog:api:tatiana_almeida;1;20835;74,99 %
tag:stardog:api:abelmoschus;1;20836;74,99 %
tag:stardog:api:gram;1;20837;75,00 %
tag:stardog:api:hushahu;1;20838;75,00 %
tag:stardog:api:lourenco_cardoso;1;20839;75,00 %
tag:stardog:api:professora_maria_das_dores_brasil;1;20840;75,01 %
tag:stardog:api:provocado_pelo_trafico_de_africanos;1;20841;75,01 %
tag:stardog:api:aldo_cabral;1;20842;75,01 %
tag:stardog:api:bioeticos;1;20843;75,02 %
tag:stardog:api:pedro_taques;1;20844;75,02 %
tag:stardog:api:tupiniquins;1;20845;75,03 %
tag:stardog:api:thomaz_de_almeida;1;20846;75,03 %
tag:stardog:api:dietz_g;1;20847;75,03 %
tag:stardog:api:boe;1;20848;75,04 %
tag:stardog:api:aliii;1;20849;75,04 %
tag:stardog:api:pedro_jose_catuogno;1;20850;75,04 %
tag:stardog:api:feva_omo_iyanu;1;20851;75,05 %
tag:stardog:api:artur_pestana;1;20852;75,05 %
tag:stardog:api:fabiana_borari;1;20853;75,05 %
tag:stardog:api:amalia_brancia_pagnan;1;20854;75,06 %
tag:stardog:api:avei_ojoyavyhape_oiko;1;20855;75,06 %
tag:stardog:api:max_webers;1;20856;75,06 %
tag:stardog:api:ermanno_stradelli;1;20857;75,07 %
tag:stardog:api:senna;1;20858;75,07 %
tag:stardog:api:luciano_macedo;1;20859;75,08 %
tag:stardog:api:leo_santana;1;20860;75,08 %
tag:stardog:api:ana_claudia_silva;1;20861;75,08 %
tag:stardog:api:metodologia;1;20862;75,09 %
tag:stardog:api:guarani_nandeva_guarani_kaiowa;1;20863;75,09 %
tag:stardog:api:oguereko_hiara;1;20864;75,09 %
tag:stardog:api:neusa_banhara_ambrosetti;1;20865;75,10 %
tag:stardog:api:fagan;1;20866;75,10 %
tag:stardog:api:pajes_davi_kopenawa;1;20867;75,10 %
tag:stardog:api:constantin_stanislavski;1;20868;75,11 %
tag:stardog:api:marcos_silva_da_silveira;1;20869;75,11 %
tag:stardog:api:lowy;1;20870;75,12 %
tag:stardog:api:liberman;1;20871;75,12 %
tag:stardog:api:azarias_leite;1;20872;75,12 %
tag:stardog:api:rico_proprietario_de_terra;1;20873;75,13 %
tag:stardog:api:a_jundiai_n_sp;1;20874;75,13 %
tag:stardog:api:insan;1;20875;75,13 %
tag:stardog:api:anete_abramowicz_et_al;1;20876;75,14 %
tag:stardog:api:gaiger;1;20877;75,14 %
tag:stardog:api:marshall;1;20878;75,14 %
tag:stardog:api:marcus_aloizio_martinez_de_aguiar;1;20879;75,15 %
tag:stardog:api:aderaldo_castello;1;20880;75,15 %
tag:stardog:api:kossi_efoui;1;20881;75,15 %
tag:stardog:api:dpslam;1;20882;75,16 %
tag:stardog:api:dr_vicente_pacheco;1;20883;75,16 %
tag:stardog:api:martins_de_oliveira;1;20884;75,17 %
tag:stardog:api:jaime_ginzburg;1;20885;75,17 %
tag:stardog:api:arawakmaipure;1;20886;75,17 %
tag:stardog:api:berewekoronti;1;20887;75,18 %
tag:stardog:api:lilian_bacich;1;20888;75,18 %
tag:stardog:api:celeiro_publico_da;1;20889;75,18 %
tag:stardog:api:rosemary_passos;1;20890;75,19 %
tag:stardog:api:maurcio_nunes_garcias;1;20891;75,19 %
tag:stardog:api:martin;1;20892;75,19 %
tag:stardog:api:adornos_para_enfeitar;1;20893;75,20 %
tag:stardog:api:p_schomburgkii;1;20894;75,20 %
tag:stardog:api:tulio_cordeiro;1;20895;75,21 %
tag:stardog:api:carmen_rial_;1;20896;75,21 %
tag:stardog:api:priscila_rezende;1;20897;75,21 %
tag:stardog:api:maximiliano_cunha;1;20898;75,22 %
tag:stardog:api:felicidade_nao_tem_cor;1;20899;75,22 %
tag:stardog:api:luis_felipe_miguel;1;20900;75,22 %
tag:stardog:api:efrosshkovskii;1;20901;75,23 %
tag:stardog:api:corumbatai;1;20902;75,23 %
tag:stardog:api:aline_sicari;1;20903;75,23 %
tag:stardog:api:ma_ato;1;20904;75,24 %
tag:stardog:api:mangue;1;20905;75,24 %
tag:stardog:api:antonio_matias_celestino;1;20906;75,24 %
tag:stardog:api:hippolytus;1;20907;75,25 %
tag:stardog:api:anugwe_jina;1;20908;75,25 %
tag:stardog:api:quintino_cunha;1;20909;75,26 %
tag:stardog:api:lucicleide_santos;1;20910;75,26 %
tag:stardog:api:escravista_da_vila_de_nossa_senhora_da_graca;1;20911;75,26 %
tag:stardog:api:relacionamento_entre;1;20912;75,27 %
tag:stardog:api:joao_machado;1;20913;75,27 %
tag:stardog:api:sueli_fernandes;1;20914;75,27 %
tag:stardog:api:difratometria_de_raios_x;1;20915;75,28 %
tag:stardog:api:elie_bajard;1;20916;75,28 %
tag:stardog:api:comercializao;1;20917;75,28 %
tag:stardog:api:dr_paulo_pinheiro_machado;1;20918;75,29 %
tag:stardog:api:frutas;1;20919;75,29 %
tag:stardog:api:emmanuel_marinho;1;20920;75,30 %
tag:stardog:api:turchi;1;20921;75,30 %
tag:stardog:api:keka;1;20922;75,30 %
tag:stardog:api:the_soares_da_rocha;1;20923;75,31 %
tag:stardog:api:moten;1;20924;75,31 %
tag:stardog:api:charles_chesnutt;1;20925;75,31 %
tag:stardog:api:phalacrocorax;1;20926;75,32 %
tag:stardog:api:dr_sylvio_pellico_netto;1;20927;75,32 %
tag:stardog:api:malungos;1;20928;75,32 %
tag:stardog:api:garcia_gual;1;20929;75,33 %
tag:stardog:api:vicente_tavora;1;20930;75,33 %
tag:stardog:api:hoffman;1;20931;75,33 %
tag:stardog:api:sebastiao_caboto;1;20932;75,34 %
tag:stardog:api:eugenia_punicifolia;1;20933;75,34 %
tag:stardog:api:alternaria_brassicae;1;20934;75,35 %
tag:stardog:api:valor_da_mutabilidade;1;20935;75,35 %
tag:stardog:api:chamoy;1;20936;75,35 %
tag:stardog:api:politicas_de_cotas;1;20937;75,36 %
tag:stardog:api:paus_altos_e_gaviao;1;20938;75,36 %
tag:stardog:api:mary_c_davis;1;20939;75,36 %
tag:stardog:api:para_tanto;1;20940;75,37 %
tag:stardog:api:arvore_de_similitude;1;20941;75,37 %
tag:stardog:api:patricia_hill_collis;1;20942;75,37 %
tag:stardog:api:ditellurides;1;20943;75,38 %
tag:stardog:api:ancova_p;1;20944;75,38 %
tag:stardog:api:orecchioni;1;20945;75,39 %
tag:stardog:api:jose_ribeiro_nunes;1;20946;75,39 %
tag:stardog:api:avakuera_pe;1;20947;75,39 %
tag:stardog:api:arthur_cezar_ferreira_reis;1;20948;75,40 %
tag:stardog:api:residuos_solidos;1;20949;75,40 %
tag:stardog:api:chrysomelidae;1;20950;75,40 %
tag:stardog:api:pezier;1;20951;75,41 %
tag:stardog:api:cbcl618;1;20952;75,41 %
tag:stardog:api:joao_mauricio_wanderley;1;20953;75,41 %
tag:stardog:api:maria_berenice_barreto_alves;1;20954;75,42 %
tag:stardog:api:uptabi_hoimanadze_ihoimana;1;20955;75,42 %
tag:stardog:api:teoria;1;20956;75,42 %
tag:stardog:api:antonio_almeida_jr;1;20957;75,43 %
tag:stardog:api:cabeza_de_vaca;1;20958;75,43 %
tag:stardog:api:eso428g14;1;20959;75,44 %
tag:stardog:api:rousseau;1;20960;75,44 %
tag:stardog:api:hiroki_tanakas;1;20961;75,44 %
tag:stardog:api:srgio_buarque_de_holanda;1;20962;75,45 %
tag:stardog:api:oiva_guive;1;20963;75,45 %
tag:stardog:api:manau;1;20964;75,45 %
tag:stardog:api:iser;1;20965;75,46 %
tag:stardog:api:edwiges_maria_morato;1;20966;75,46 %
tag:stardog:api:carlos_eduardo_de_sousa;1;20967;75,46 %
tag:stardog:api:da_liberdade;1;20968;75,47 %
tag:stardog:api:revelou;1;20969;75,47 %
tag:stardog:api:roberto_t_assumpcao;1;20970;75,48 %
tag:stardog:api:anna_tsing;1;20971;75,48 %
tag:stardog:api:ceffas;1;20972;75,48 %
tag:stardog:api:aroucha_jimenes;1;20973;75,49 %
tag:stardog:api:tatiana_nascimento;1;20974;75,49 %
tag:stardog:api:francisco_jose_de_oliveira;1;20975;75,49 %
tag:stardog:api:fernandez;1;20976;75,50 %
tag:stardog:api:desejo;1;20977;75,50 %
tag:stardog:api:joao_lino_da_silva;1;20978;75,50 %
tag:stardog:api:yves_antonio_albuquerque;1;20979;75,51 %
tag:stardog:api:pseudor2053;1;20980;75,51 %
tag:stardog:api:sevcenko;1;20981;75,51 %
tag:stardog:api:luiz_alberto_oliveira_goncalves;1;20982;75,52 %
tag:stardog:api:referencia_da_mulher;1;20983;75,52 %
tag:stardog:api:fritz;1;20984;75,53 %
tag:stardog:api:joao_wanderly_geraldi;1;20985;75,53 %
tag:stardog:api:mutti;1;20986;75,53 %
tag:stardog:api:the_chalder_fatigue_scale;1;20987;75,54 %
tag:stardog:api:philip_fisher;1;20988;75,54 %
tag:stardog:api:tabosa;1;20989;75,54 %
tag:stardog:api:arnold_spirit_junior;1;20990;75,55 %
tag:stardog:api:teko_arandu_course;1;20991;75,55 %
tag:stardog:api:eduardo_paiva_franca;1;20992;75,55 %
tag:stardog:api:cabales;1;20993;75,56 %
tag:stardog:api:jangada;1;20994;75,56 %
tag:stardog:api:sociedade_vellosiana;1;20995;75,57 %
tag:stardog:api:levenbergmarquardt;1;20996;75,57 %
tag:stardog:api:kyudo;1;20997;75,57 %
tag:stardog:api:solos;1;20998;75,58 %
tag:stardog:api:manjula_padmanabhan;1;20999;75,58 %
tag:stardog:api:jaques_derrida;1;21000;75,58 %
tag:stardog:api:alcmeno_bastos;1;21001;75,59 %
tag:stardog:api:helen_oyeyemi;1;21002;75,59 %
tag:stardog:api:jacques_guilhaumou;1;21003;75,59 %
tag:stardog:api:joao_zinclar;1;21004;75,60 %
tag:stardog:api:pierre_de_bourdieu;1;21005;75,60 %
tag:stardog:api:odu;1;21006;75,60 %
tag:stardog:api:zigomar_menezes_de_souza;1;21007;75,61 %
tag:stardog:api:brancos;1;21008;75,61 %
tag:stardog:api:antonio_araujo;1;21009;75,62 %
tag:stardog:api:marques_de_aviles;1;21010;75,62 %
tag:stardog:api:clarence_hills;1;21011;75,62 %
tag:stardog:api:marcus_garveys;1;21012;75,63 %
tag:stardog:api:remanescencia_quilombola;1;21013;75,63 %
tag:stardog:api:cabral_mota;1;21014;75,63 %
tag:stardog:api:paurosa;1;21015;75,64 %
tag:stardog:api:timothy_ireland;1;21016;75,64 %
tag:stardog:api:hijikata;1;21017;75,64 %
tag:stardog:api:marlene_nourbese_philip;1;21018;75,65 %
tag:stardog:api:adbias_nascimento;1;21019;75,65 %
tag:stardog:api:mario_covas;1;21020;75,66 %
tag:stardog:api:ali;1;21021;75,66 %
tag:stardog:api:tr;1;21022;75,66 %
tag:stardog:api:rosseti;1;21023;75,67 %
tag:stardog:api:peter_brook;1;21024;75,67 %
tag:stardog:api:barbara_souza;1;21025;75,67 %
tag:stardog:api:marcon;1;21026;75,68 %
tag:stardog:api:luciara;1;21027;75,68 %
tag:stardog:api:professor_doutor;1;21028;75,68 %
tag:stardog:api:schum;1;21029;75,69 %
tag:stardog:api:benoit_levesque;1;21030;75,69 %
tag:stardog:api:prevotella;1;21031;75,69 %
tag:stardog:api:jose_roberto_do_amaral_lapa;1;21032;75,70 %
tag:stardog:api:claudio_aquaviva;1;21033;75,70 %
tag:stardog:api:dan_baron;1;21034;75,71 %
tag:stardog:api:godoy;1;21035;75,71 %
tag:stardog:api:garcia_rubio;1;21036;75,71 %
tag:stardog:api:marcondes_et_al;1;21037;75,72 %
tag:stardog:api:andre_lepecki;1;21038;75,72 %
tag:stardog:api:thomas_hobbes;1;21039;75,72 %
tag:stardog:api:caiapos;1;21040;75,73 %
tag:stardog:api:nelma_mattos;1;21041;75,73 %
tag:stardog:api:laguna_paula_gunn_allen;1;21042;75,73 %
tag:stardog:api:langdon;1;21043;75,74 %
tag:stardog:api:shug_avery;1;21044;75,74 %
tag:stardog:api:marcilene_lescano;1;21045;75,75 %
tag:stardog:api:impostas_aos_egressos;1;21046;75,75 %
tag:stardog:api:adriano;1;21047;75,75 %
tag:stardog:api:waldemar_claudio_de_carvalho;1;21048;75,76 %
tag:stardog:api:dys287;1;21049;75,76 %
tag:stardog:api:a_bisporus;1;21050;75,76 %
tag:stardog:api:ellen;1;21051;75,77 %
tag:stardog:api:frances_e_w_harper;1;21052;75,77 %
tag:stardog:api:karl_friedrich_phillip_von_martius;1;21053;75,77 %
tag:stardog:api:espectroscopia_raman;1;21054;75,78 %
tag:stardog:api:tamanha;1;21055;75,78 %
tag:stardog:api:p_amboinicus;1;21056;75,78 %
tag:stardog:api:dr_luis_claudio_pereira_symanski;1;21057;75,79 %
tag:stardog:api:edmir_perrotti;1;21058;75,79 %
tag:stardog:api:simeao_fernandes_vilhalva;1;21059;75,80 %
tag:stardog:api:terena_indians;1;21060;75,80 %
tag:stardog:api:idago;1;21061;75,80 %
tag:stardog:api:avanco_da_mesticagem_fisica;1;21062;75,81 %
tag:stardog:api:d_anna_da_silva_tavares;1;21063;75,81 %
tag:stardog:api:uma_historia_de_poligamia;1;21064;75,81 %
tag:stardog:api:agata_bloch;1;21065;75,82 %
tag:stardog:api:alm;1;21066;75,82 %
tag:stardog:api:cachoeira_douradago;1;21067;75,82 %
tag:stardog:api:aco;1;21068;75,83 %
tag:stardog:api:sapuca;1;21069;75,83 %
tag:stardog:api:servico_quilombola;1;21070;75,84 %
tag:stardog:api:velho_sobrinho;1;21071;75,84 %
tag:stardog:api:napints;1;21072;75,84 %
tag:stardog:api:jurij_alschitz;1;21073;75,85 %
tag:stardog:api:raul_cordula;1;21074;75,85 %
tag:stardog:api:abdias_nascimento_bell_hooks;1;21075;75,85 %
tag:stardog:api:mimi;1;21076;75,86 %
tag:stardog:api:hypostomus;1;21077;75,86 %
tag:stardog:api:elson_farias;1;21078;75,86 %
tag:stardog:api:pele;1;21079;75,87 %
tag:stardog:api:machiguengas;1;21080;75,87 %
tag:stardog:api:bill;1;21081;75,87 %
tag:stardog:api:duriguetto;1;21082;75,88 %
tag:stardog:api:mehdi_charef;1;21083;75,88 %
tag:stardog:api:crcr2o3;1;21084;75,89 %
tag:stardog:api:ima;1;21085;75,89 %
tag:stardog:api:terrazguero;1;21086;75,89 %
tag:stardog:api:luis;1;21087;75,90 %
tag:stardog:api:francesca_angiolillo;1;21088;75,90 %
tag:stardog:api:dr_edilene_coffaci_de_lima;1;21089;75,90 %
tag:stardog:api:georgina_helena_lima_nunes;1;21090;75,91 %
tag:stardog:api:claudia_mura;1;21091;75,91 %
tag:stardog:api:c_evaristo;1;21092;75,91 %
tag:stardog:api:professora_mestre_rosa_margarida_de_carvalho_rocha;1;21093;75,92 %
tag:stardog:api:maura_w_b_de_almeida;1;21094;75,92 %
tag:stardog:api:mazzotta;1;21095;75,92 %
tag:stardog:api:arqueologias_da_escravidao_documental;1;21096;75,93 %
tag:stardog:api:ipomoea;1;21097;75,93 %
tag:stardog:api:agotime;1;21098;75,94 %
tag:stardog:api:asilo_de_orfas;1;21099;75,94 %
tag:stardog:api:ko_hechakaupyra;1;21100;75,94 %
tag:stardog:api:guilherme;1;21101;75,95 %
tag:stardog:api:correa_da_silva;1;21102;75,95 %
tag:stardog:api:vp6;1;21103;75,95 %
tag:stardog:api:experiencias_invisibilizadas;1;21104;75,96 %
tag:stardog:api:mulher_de_roxo;1;21105;75,96 %
tag:stardog:api:para_formacao_de_professores;1;21106;75,96 %
tag:stardog:api:maria_ines_smiljanic_borges;1;21107;75,97 %
tag:stardog:api:compostos_instaveis_que_podem;1;21108;75,97 %
tag:stardog:api:charlotte_chambelland_galves;1;21109;75,98 %
tag:stardog:api:hugo_nigro_mazzilli;1;21110;75,98 %
tag:stardog:api:tupikagwahiva;1;21111;75,98 %
tag:stardog:api:processos_civeis_e_criminais;1;21112;75,99 %
tag:stardog:api:joaquin_dolz;1;21113;75,99 %
tag:stardog:api:methodologywaschosen;1;21114;75,99 %
tag:stardog:api:santa_lucia;1;21115;76,00 %
tag:stardog:api:propaae;1;21116;76,00 %
tag:stardog:api:nova_atlantida;1;21117;76,00 %
tag:stardog:api:c169;1;21118;76,01 %
tag:stardog:api:jose_juliano_gadelha;1;21119;76,01 %
tag:stardog:api:mestre_zumba;1;21120;76,01 %
tag:stardog:api:dys199;1;21121;76,02 %
tag:stardog:api:helveciaba;1;21122;76,02 %
tag:stardog:api:machado_dazzani;1;21123;76,03 %
tag:stardog:api:foi_instrumento_para;1;21124;76,03 %
tag:stardog:api:cleo_busatto;1;21125;76,03 %
tag:stardog:api:freiriana;1;21126;76,04 %
tag:stardog:api:maracatu_baque_mulher;1;21127;76,04 %
tag:stardog:api:salvador_gentile;1;21128;76,04 %
tag:stardog:api:brutsaert;1;21129;76,05 %
tag:stardog:api:antonio_da_silva_jardim;1;21130;76,05 %
tag:stardog:api:chironomus_sancticaroli;1;21131;76,05 %
tag:stardog:api:sociedade_protetora_dos_desvalidos;1;21132;76,06 %
tag:stardog:api:dubet;1;21133;76,06 %
tag:stardog:api:toral;1;21134;76,07 %
tag:stardog:api:nas_relacoes_cotidianas;1;21135;76,07 %
tag:stardog:api:bert;1;21136;76,07 %
tag:stardog:api:walter_mosley;1;21137;76,08 %
tag:stardog:api:ciro_flamarion_cardoso;1;21138;76,08 %
tag:stardog:api:dirac;1;21139;76,08 %
tag:stardog:api:p002161;1;21140;76,09 %
tag:stardog:api:barbachan;1;21141;76,09 %
tag:stardog:api:posmoderna;1;21142;76,09 %
tag:stardog:api:lydia_poleck;1;21143;76,10 %
tag:stardog:api:festribal_de_sao_gabriel;1;21144;76,10 %
tag:stardog:api:summer;1;21145;76,10 %
tag:stardog:api:rosalina_santos;1;21146;76,11 %
tag:stardog:api:davallon;1;21147;76,11 %
tag:stardog:api:gersen_dos_santos;1;21148;76,12 %
tag:stardog:api:coqueirenses;1;21149;76,12 %
tag:stardog:api:saltinho_santo_antonio;1;21150;76,12 %
tag:stardog:api:socioterminologia_de_faulstich;1;21151;76,13 %
tag:stardog:api:especially_funerary_services;1;21152;76,13 %
tag:stardog:api:mestre;1;21153;76,13 %
tag:stardog:api:richard_bowe;1;21154;76,14 %
tag:stardog:api:fluvisols;1;21155;76,14 %
tag:stardog:api:ruy_mauro_marini;1;21156;76,14 %
tag:stardog:api:pedro_araujo_quental;1;21157;76,15 %
tag:stardog:api:sao_sebastiao_martir;1;21158;76,15 %
tag:stardog:api:rondonopolismt;1;21159;76,16 %
tag:stardog:api:james_baldwins;1;21160;76,16 %
tag:stardog:api:lucia_charunillescas;1;21161;76,16 %
tag:stardog:api:agropeu;1;21162;76,17 %
tag:stardog:api:megaripples;1;21163;76,17 %
tag:stardog:api:ali_kamel;1;21164;76,17 %
tag:stardog:api:crowell;1;21165;76,18 %
tag:stardog:api:ambrosetti;1;21166;76,18 %
tag:stardog:api:folha_amarela;1;21167;76,18 %
tag:stardog:api:defloramento;1;21168;76,19 %
tag:stardog:api:milton_hatoum;1;21169;76,19 %
tag:stardog:api:capim_verde_e_mutuca;1;21170;76,19 %
tag:stardog:api:manoel_de_jesus_maria;1;21171;76,20 %
tag:stardog:api:aldeias_leonardo_sette;1;21172;76,20 %
tag:stardog:api:ahomar;1;21173;76,21 %
tag:stardog:api:itamaraty;1;21174;76,21 %
tag:stardog:api:modativismo;1;21175;76,21 %
tag:stardog:api:clementino_fraga;1;21176;76,22 %
tag:stardog:api:missoesrs;1;21177;76,22 %
tag:stardog:api:pichia;1;21178;76,22 %
tag:stardog:api:galibi_marworno;1;21179;76,23 %
tag:stardog:api:clodiode_aquileu_rodrigues_de_souza;1;21180;76,23 %
tag:stardog:api:batista_comunnity;1;21181;76,23 %
tag:stardog:api:franz_knobloch;1;21182;76,24 %
tag:stardog:api:female_exu;1;21183;76,24 %
tag:stardog:api:coqueiro;1;21184;76,25 %
tag:stardog:api:a_vanini;1;21185;76,25 %
tag:stardog:api:maria_isaura_pereira_de_queiroz;1;21186;76,25 %
tag:stardog:api:kaiowa_guarani;1;21187;76,26 %
tag:stardog:api:thomas_grimes;1;21188;76,26 %
tag:stardog:api:mens;1;21189;76,26 %
tag:stardog:api:txeramoi;1;21190;76,27 %
tag:stardog:api:heitor;1;21191;76,27 %
tag:stardog:api:e_arvense;1;21192;76,27 %
tag:stardog:api:adsa;1;21193;76,28 %
tag:stardog:api:kaaguy_ovy_pora;1;21194;76,28 %
tag:stardog:api:mcmv;1;21195;76,28 %
tag:stardog:api:bethania_mariani;1;21196;76,29 %
tag:stardog:api:ze_carlos_silveira;1;21197;76,29 %
tag:stardog:api:luis_roberto_barroso;1;21198;76,30 %
tag:stardog:api:marisa_costa;1;21199;76,30 %
tag:stardog:api:jose_maria_cabrer;1;21200;76,30 %
tag:stardog:api:georgi;1;21201;76,31 %
tag:stardog:api:goldvarb_x;1;21202;76,31 %
tag:stardog:api:abajur_lilas;1;21203;76,31 %
tag:stardog:api:wynter;1;21204;76,32 %
tag:stardog:api:norma_silvia_trindade_de_lima;1;21205;76,32 %
tag:stardog:api:antony_giddens;1;21206;76,32 %
tag:stardog:api:christiano_junior;1;21207;76,33 %
tag:stardog:api:regina_andery_braga;1;21208;76,33 %
tag:stardog:api:uhtapinopona;1;21209;76,34 %
tag:stardog:api:naturology;1;21210;76,34 %
tag:stardog:api:adilson_jose_moreira;1;21211;76,34 %
tag:stardog:api:ma_oiko;1;21212;76,35 %
tag:stardog:api:phillips;1;21213;76,35 %
tag:stardog:api:transcriber;1;21214;76,35 %
tag:stardog:api:vo;1;21215;76,36 %
tag:stardog:api:paul_ricouer;1;21216;76,36 %
tag:stardog:api:tirocinio_docente;1;21217;76,36 %
tag:stardog:api:marques_linares;1;21218;76,37 %
tag:stardog:api:shenipabu_miyui;1;21219;76,37 %
tag:stardog:api:vyasa;1;21220;76,37 %
tag:stardog:api:roberto_damatta;1;21221;76,38 %
tag:stardog:api:theodore_de_bry;1;21222;76,38 %
tag:stardog:api:rosane_borges;1;21223;76,39 %
tag:stardog:api:larson;1;21224;76,39 %
tag:stardog:api:neoraldo_pontes_de_azevedo;1;21225;76,39 %
tag:stardog:api:the_gratuitous_schedule;1;21226;76,40 %
tag:stardog:api:rose_dusreis;1;21227;76,40 %
tag:stardog:api:rosangela_ballini;1;21228;76,40 %
tag:stardog:api:luiza_hellena;1;21229;76,41 %
tag:stardog:api:quintino_bocaiuva;1;21230;76,41 %
tag:stardog:api:psycinfo;1;21231;76,41 %
tag:stardog:api:dr_elenilton_vieira_godoy;1;21232;76,42 %
tag:stardog:api:desnutrio;1;21233;76,42 %
tag:stardog:api:suanno;1;21234;76,43 %
tag:stardog:api:indigena_da_america_latina;1;21235;76,43 %
tag:stardog:api:web_du_bois;1;21236;76,43 %
tag:stardog:api:maisa_faleiros;1;21237;76,44 %
tag:stardog:api:colecao_arqueologica_jose_alberto_neves;1;21238;76,44 %
tag:stardog:api:maytenus;1;21239;76,44 %
tag:stardog:api:cubano;1;21240;76,45 %
tag:stardog:api:juan_samaja;1;21241;76,45 %
tag:stardog:api:valentim_magalhaes;1;21242;76,45 %
tag:stardog:api:py_haegui_tangaa_py_avi;1;21243;76,46 %
tag:stardog:api:fernando_haddad;1;21244;76,46 %
tag:stardog:api:nhande_kuery;1;21245;76,46 %
tag:stardog:api:djalma_antonio_da;1;21246;76,47 %
tag:stardog:api:eva_luna;1;21247;76,47 %
tag:stardog:api:apreendo;1;21248;76,48 %
tag:stardog:api:camival;1;21249;76,48 %
tag:stardog:api:orfeu;1;21250;76,48 %
tag:stardog:api:mestre_grio;1;21251;76,49 %
tag:stardog:api:karina;1;21252;76,49 %
tag:stardog:api:maloca_sorocaima;1;21253;76,49 %
tag:stardog:api:newman;1;21254;76,50 %
tag:stardog:api:iara;1;21255;76,50 %
tag:stardog:api:walcyr_carrasco;1;21256;76,50 %
tag:stardog:api:fruto_de_uma;1;21257;76,51 %
tag:stardog:api:gasparini;1;21258;76,51 %
tag:stardog:api:aracy_lopes;1;21259;76,52 %
tag:stardog:api:caipira;1;21260;76,52 %
tag:stardog:api:aureli;1;21261;76,52 %
tag:stardog:api:ranajit_guha;1;21262;76,53 %
tag:stardog:api:reinando_lohn;1;21263;76,53 %
tag:stardog:api:henrique_de_beaurepaire_rohan;1;21264;76,53 %
tag:stardog:api:francoise_deaubonne;1;21265;76,54 %
tag:stardog:api:hogan;1;21266;76,54 %
tag:stardog:api:helio_oiticica;1;21267;76,54 %
tag:stardog:api:caic;1;21268;76,55 %
tag:stardog:api:dom_tomas_baldoino;1;21269;76,55 %
tag:stardog:api:vaeri_yvy_ipora_vaeyn;1;21270;76,55 %
tag:stardog:api:guabirobas;1;21271;76,56 %
tag:stardog:api:luis_donisete_benzi_grupioni;1;21272;76,56 %
tag:stardog:api:terezinha_maher_axe;1;21273;76,57 %
tag:stardog:api:aldeia_itaoca;1;21274;76,57 %
tag:stardog:api:onyebuchi_emecheta;1;21275;76,57 %
tag:stardog:api:custodio;1;21276;76,58 %
tag:stardog:api:maria_navarro;1;21277;76,58 %
tag:stardog:api:promoo;1;21278;76,58 %
tag:stardog:api:nazareth_fonseca;1;21279;76,59 %
tag:stardog:api:prumirim;1;21280;76,59 %
tag:stardog:api:dr_carlos_alberto_simioni;1;21281;76,59 %
tag:stardog:api:esu;1;21282;76,60 %
tag:stardog:api:glotopolitics;1;21283;76,60 %
tag:stardog:api:was_adopted_the_randomized_block_design_with;1;21284;76,61 %
tag:stardog:api:nas_duas;1;21285;76,61 %
tag:stardog:api:andreia_da_silva_quintanilha_sousa;1;21286;76,61 %
tag:stardog:api:apers;1;21287;76,62 %
tag:stardog:api:erasmo_recami;1;21288;76,62 %
tag:stardog:api:conceito_de_dependencia_de_trajetoria;1;21289;76,62 %
tag:stardog:api:chixi;1;21290;76,63 %
tag:stardog:api:praca_paris;1;21291;76,63 %
tag:stardog:api:amostras_independentes;1;21292;76,63 %
tag:stardog:api:angstrom;1;21293;76,64 %
tag:stardog:api:bola_precoce;1;21294;76,64 %
tag:stardog:api:zenu;1;21295;76,64 %
tag:stardog:api:grilagem;1;21296;76,65 %
tag:stardog:api:jose_lopes_galvao;1;21297;76,65 %
tag:stardog:api:gianfracesco_guarnieri;1;21298;76,66 %
tag:stardog:api:montano;1;21299;76,66 %
tag:stardog:api:reis_e_silva;1;21300;76,66 %
tag:stardog:api:manoel_antonio_victorino_de_menezes;1;21301;76,67 %
tag:stardog:api:iya_agbas;1;21302;76,67 %
tag:stardog:api:marcia_alves_da_silva;1;21303;76,67 %
tag:stardog:api:cercosporin_production;1;21304;76,68 %
tag:stardog:api:makunaimacao;1;21305;76,68 %
tag:stardog:api:nonato;1;21306;76,68 %
tag:stardog:api:goto;1;21307;76,69 %
tag:stardog:api:renato_ferraz_kehl;1;21308;76,69 %
tag:stardog:api:ywytu_guacu;1;21309;76,70 %
tag:stardog:api:hitler;1;21310;76,70 %
tag:stardog:api:nicolescu;1;21311;76,70 %
tag:stardog:api:demetrio_stratos;1;21312;76,71 %
tag:stardog:api:superius;1;21313;76,71 %
tag:stardog:api:povoado_atoleiros;1;21314;76,71 %
tag:stardog:api:martiniano_j_silva;1;21315;76,72 %
tag:stardog:api:jerome_mcgann;1;21316;76,72 %
tag:stardog:api:fabien_eboussi_boulaga;1;21317;76,72 %
tag:stardog:api:raymisson_correa;1;21318;76,73 %
tag:stardog:api:camila_bruning;1;21319;76,73 %
tag:stardog:api:colson_whiteheads;1;21320;76,73 %
tag:stardog:api:manuel_ferreira_ribeiro;1;21321;76,74 %
tag:stardog:api:hoxwa;1;21322;76,74 %
tag:stardog:api:smit;1;21323;76,75 %
tag:stardog:api:chx3;1;21324;76,75 %
tag:stardog:api:iny_karaja_de_aruana;1;21325;76,75 %
tag:stardog:api:disfuncao;1;21326;76,76 %
tag:stardog:api:anne;1;21327;76,76 %
tag:stardog:api:leenhardt;1;21328;76,76 %
tag:stardog:api:kakumasu;1;21329;76,77 %
tag:stardog:api:maracatu_baque_mulher__group;1;21330;76,77 %
tag:stardog:api:charles;1;21331;76,77 %
tag:stardog:api:laymert_garcia_dos_santos;1;21332;76,78 %
tag:stardog:api:letelier;1;21333;76,78 %
tag:stardog:api:pa_taguieff;1;21334;76,79 %
tag:stardog:api:marcia_chico;1;21335;76,79 %
tag:stardog:api:moita_lopes1996;1;21336;76,79 %
tag:stardog:api:influenciadoras;1;21337;76,80 %
tag:stardog:api:guel_arraes;1;21338;76,80 %
tag:stardog:api:diasorinr;1;21339;76,80 %
tag:stardog:api:anelice_ribetto;1;21340;76,81 %
tag:stardog:api:valdina_pinto;1;21341;76,81 %
tag:stardog:api:tupigrarani;1;21342;76,81 %
tag:stardog:api:etiquetamento_social;1;21343;76,82 %
tag:stardog:api:luis_vergueiro;1;21344;76,82 %
tag:stardog:api:lopes_galvao;1;21345;76,82 %
tag:stardog:api:primeira_questao;1;21346;76,83 %
tag:stardog:api:bakhtim;1;21347;76,83 %
tag:stardog:api:van_rensselaer_potter;1;21348;76,84 %
tag:stardog:api:gehrke;1;21349;76,84 %
tag:stardog:api:embera_chami;1;21350;76,84 %
tag:stardog:api:blocos_casualizados;1;21351;76,85 %
tag:stardog:api:fatima_trinchao;1;21352;76,85 %
tag:stardog:api:folha;1;21353;76,85 %
tag:stardog:api:roldao_da_rocha_junior;1;21354;76,86 %
tag:stardog:api:dona_teresa_tavares;1;21355;76,86 %
tag:stardog:api:geohistoric;1;21356;76,86 %
tag:stardog:api:satagu;1;21357;76,87 %
tag:stardog:api:henrique_chaves;1;21358;76,87 %
tag:stardog:api:hercules;1;21359;76,88 %
tag:stardog:api:leolinda;1;21360;76,88 %
tag:stardog:api:bakareyusuf;1;21361;76,88 %
tag:stardog:api:mariosa;1;21362;76,89 %
tag:stardog:api:ga_tanearth_guardian;1;21363;76,89 %
tag:stardog:api:rosa_berardo;1;21364;76,89 %
tag:stardog:api:smagorinsky;1;21365;76,90 %
tag:stardog:api:f_de_fisher;1;21366;76,90 %
tag:stardog:api:martin_heidegger_s;1;21367;76,90 %
tag:stardog:api:fatorial_de_correspondencia;1;21368;76,91 %
tag:stardog:api:josette_feral;1;21369;76,91 %
tag:stardog:api:lei_da_penha;1;21370;76,91 %
tag:stardog:api:philippe_lioret;1;21371;76,92 %
tag:stardog:api:angela_b_kleiman;1;21372;76,92 %
tag:stardog:api:tatiane_picanco;1;21373;76,93 %
tag:stardog:api:louie_ponto;1;21374;76,93 %
tag:stardog:api:bertholletia_excelsa_h_b_k;1;21375;76,93 %
tag:stardog:api:david_caldas;1;21376;76,94 %
tag:stardog:api:americo_teixeira;1;21377;76,94 %
tag:stardog:api:pontificia_universidade_catolica_de_sao_paulo;1;21378;76,94 %
tag:stardog:api:aikunangutapa_terra;1;21379;76,95 %
tag:stardog:api:tapuya_kariri;1;21380;76,95 %
tag:stardog:api:rodolfo_cavalcante;1;21381;76,95 %
tag:stardog:api:n41;1;21382;76,96 %
tag:stardog:api:secad;1;21383;76,96 %
tag:stardog:api:epanthidium_maculatum;1;21384;76,97 %
tag:stardog:api:cfb1988;1;21385;76,97 %
tag:stardog:api:relacoes_etnicorraciais;1;21386;76,97 %
tag:stardog:api:ijerovia_ha;1;21387;76,98 %
tag:stardog:api:yanomae_do_demini;1;21388;76,98 %
tag:stardog:api:profo_dro_dimas_floriani;1;21389;76,98 %
tag:stardog:api:performan_ces;1;21390;76,99 %
tag:stardog:api:procurations;1;21391;76,99 %
tag:stardog:api:anthropotechinic;1;21392;76,99 %
tag:stardog:api:possibilidades_diante_da_conquista_da_liberdade_precaria;1;21393;77,00 %
tag:stardog:api:arthur_camilo;1;21394;77,00 %
tag:stardog:api:james_l_true;1;21395;77,00 %
tag:stardog:api:atas_da_camara_municipal_de_pelotas;1;21396;77,01 %
tag:stardog:api:anishinaabe;1;21397;77,01 %
tag:stardog:api:me_margarida;1;21398;77,02 %
tag:stardog:api:guatos;1;21399;77,02 %
tag:stardog:api:luis_alberto_brandao;1;21400;77,02 %
tag:stardog:api:emir_monegal;1;21401;77,03 %
tag:stardog:api:microbasin;1;21402;77,03 %
tag:stardog:api:bugres__mt;1;21403;77,03 %
tag:stardog:api:angelique;1;21404;77,04 %
tag:stardog:api:hapyta_rami;1;21405;77,04 %
tag:stardog:api:angela;1;21406;77,04 %
tag:stardog:api:nazareth;1;21407;77,05 %
tag:stardog:api:linda_smith;1;21408;77,05 %
tag:stardog:api:sidney_da_silva_facundes;1;21409;77,06 %
tag:stardog:api:manoel_horacio;1;21410;77,06 %
tag:stardog:api:despraiado;1;21411;77,06 %
tag:stardog:api:cercania_joven;1;21412;77,07 %
tag:stardog:api:pedro_peixoto_ferreira;1;21413;77,07 %
tag:stardog:api:hercules_florence;1;21414;77,07 %
tag:stardog:api:graham;1;21415;77,08 %
tag:stardog:api:cabalmente_estruturadas;1;21416;77,08 %
tag:stardog:api:nesbit;1;21417;77,08 %
tag:stardog:api:mei_hua_soares;1;21418;77,09 %
tag:stardog:api:camacho_y_guzman;1;21419;77,09 %
tag:stardog:api:malala_yousafzai;1;21420;77,09 %
tag:stardog:api:escrivao_isaias_caminha;1;21421;77,10 %
tag:stardog:api:dseiars;1;21422;77,10 %
tag:stardog:api:dr_ligia_negri;1;21423;77,11 %
tag:stardog:api:legibilidades;1;21424;77,11 %
tag:stardog:api:subcidadania;1;21425;77,11 %
tag:stardog:api:rosiane_maria_soares;1;21426;77,12 %
tag:stardog:api:carrilho;1;21427;77,12 %
tag:stardog:api:previam;1;21428;77,12 %
tag:stardog:api:alfredo_palacios;1;21429;77,13 %
tag:stardog:api:ifufba;1;21430;77,13 %
tag:stardog:api:nao_desfrutam;1;21431;77,13 %
tag:stardog:api:guaripocaba;1;21432;77,14 %
tag:stardog:api:vila_matilde;1;21433;77,14 %
tag:stardog:api:blackkarasinski;1;21434;77,15 %
tag:stardog:api:kock;1;21435;77,15 %
tag:stardog:api:helen_fisher;1;21436;77,15 %
tag:stardog:api:paulo_prado;1;21437;77,16 %
tag:stardog:api:joaquim_pereira_dos_santos_municipal_school;1;21438;77,16 %
tag:stardog:api:lc;1;21439;77,16 %
tag:stardog:api:areias;1;21440;77,17 %
tag:stardog:api:denise_carrascosa;1;21441;77,17 %
tag:stardog:api:boni;1;21442;77,17 %
tag:stardog:api:ernani_maria_fiori;1;21443;77,18 %
tag:stardog:api:luis_da_camara_cascudo;1;21444;77,18 %
tag:stardog:api:d13c;1;21445;77,18 %
tag:stardog:api:ctism;1;21446;77,19 %
tag:stardog:api:transformou_aquela_regiao;1;21447;77,19 %
tag:stardog:api:balizada;1;21448;77,20 %
tag:stardog:api:rita_laura_segatos;1;21449;77,20 %
tag:stardog:api:plauto;1;21450;77,20 %
tag:stardog:api:vozes_marias;1;21451;77,21 %
tag:stardog:api:governo_fhc;1;21452;77,21 %
tag:stardog:api:salhins;1;21453;77,21 %
tag:stardog:api:felisberto_caldeira_brant_pontes_de_oliveira_horta;1;21454;77,22 %
tag:stardog:api:ofa;1;21455;77,22 %
tag:stardog:api:augusto_gomes;1;21456;77,22 %
tag:stardog:api:ocoi;1;21457;77,23 %
tag:stardog:api:b_jararacussu;1;21458;77,23 %
tag:stardog:api:frente_negra_brasileira;1;21459;77,24 %
tag:stardog:api:como_evidencia;1;21460;77,24 %
tag:stardog:api:dr_marco_antonio_valentim;1;21461;77,24 %
tag:stardog:api:dr_ronaldo_cristiano_prati;1;21462;77,25 %
tag:stardog:api:surumu_raposa_serra;1;21463;77,25 %
tag:stardog:api:verdela_ndia;1;21464;77,25 %
tag:stardog:api:debora_diniz;1;21465;77,26 %
tag:stardog:api:sexagenarios;1;21466;77,26 %
tag:stardog:api:joao_gomes;1;21467;77,26 %
tag:stardog:api:colaciona;1;21468;77,27 %
tag:stardog:api:dilma_roussef;1;21469;77,27 %
tag:stardog:api:vergara__ribas;1;21470;77,27 %
tag:stardog:api:vera_daisy_barcellos;1;21471;77,28 %
tag:stardog:api:dois_primeiros_governos;1;21472;77,28 %
tag:stardog:api:escola_tcnica;1;21473;77,29 %
tag:stardog:api:artocarpus_heterophyllus_lam;1;21474;77,29 %
tag:stardog:api:marilda_vilela_iamamoto;1;21475;77,29 %
tag:stardog:api:dr_edson_aparecida_de_araujo_querido;1;21476;77,30 %
tag:stardog:api:presumiamos;1;21477;77,30 %
tag:stardog:api:jacques_a_sayad;1;21478;77,30 %
tag:stardog:api:dissemos_adeus;1;21479;77,31 %
tag:stardog:api:deivid_pereiras;1;21480;77,31 %
tag:stardog:api:cordia_curassavica;1;21481;77,31 %
tag:stardog:api:surya_barros;1;21482;77,32 %
tag:stardog:api:coremoria;1;21483;77,32 %
tag:stardog:api:honeth;1;21484;77,33 %
tag:stardog:api:cosme_velho;1;21485;77,33 %
tag:stardog:api:llagns;1;21486;77,33 %
tag:stardog:api:diacui;1;21487;77,34 %
tag:stardog:api:horus;1;21488;77,34 %
tag:stardog:api:x03;1;21489;77,34 %
tag:stardog:api:frei_bernardo_de_nantes;1;21490;77,35 %
tag:stardog:api:dona_josefa;1;21491;77,35 %
tag:stardog:api:marcos_uzel;1;21492;77,35 %
tag:stardog:api:jane;1;21493;77,36 %
tag:stardog:api:thurler;1;21494;77,36 %
tag:stardog:api:charles_ribeyrolles;1;21495;77,36 %
tag:stardog:api:the_sitio_castainho__garanhunspe;1;21496;77,37 %
tag:stardog:api:exterminou;1;21497;77,37 %
tag:stardog:api:poderes_reduzidos;1;21498;77,38 %
tag:stardog:api:george_reid_andrews;1;21499;77,38 %
tag:stardog:api:joao_francisco_de_siqueira_andrade;1;21500;77,38 %
tag:stardog:api:maynas;1;21501;77,39 %
tag:stardog:api:jurua_kuery;1;21502;77,39 %
tag:stardog:api:zwicky;1;21503;77,39 %
tag:stardog:api:oscar_calavia_saez;1;21504;77,40 %
tag:stardog:api:germinando_arte;1;21505;77,40 %
tag:stardog:api:carlo_ginburg;1;21506;77,40 %
tag:stardog:api:cao;1;21507;77,41 %
tag:stardog:api:aggeo_pereira;1;21508;77,41 %
tag:stardog:api:ckdepi;1;21509;77,42 %
tag:stardog:api:ladin_amefrica;1;21510;77,42 %
tag:stardog:api:bandura;1;21511;77,42 %
tag:stardog:api:krasilchik;1;21512;77,43 %
tag:stardog:api:rossello_i_verger;1;21513;77,43 %
tag:stardog:api:oiko;1;21514;77,43 %
tag:stardog:api:nelson_pereira;1;21515;77,44 %
tag:stardog:api:peter_sloterdijk;1;21516;77,44 %
tag:stardog:api:edgard_roquettepinto;1;21517;77,44 %
tag:stardog:api:corda_ma;1;21518;77,45 %
tag:stardog:api:maria_jose_silveira;1;21519;77,45 %
tag:stardog:api:ana_rosa;1;21520;77,45 %
tag:stardog:api:de_pespective;1;21521;77,46 %
tag:stardog:api:sueli_maxakali;1;21522;77,46 %
tag:stardog:api:jim_crown;1;21523;77,47 %
tag:stardog:api:tare;1;21524;77,47 %
tag:stardog:api:pajes;1;21525;77,47 %
tag:stardog:api:moreira_da_costa_high_school;1;21526;77,48 %
tag:stardog:api:gueko;1;21527;77,48 %
tag:stardog:api:embasava;1;21528;77,48 %
tag:stardog:api:silvio_de_siqueira;1;21529;77,49 %
tag:stardog:api:gurjinder_basran;1;21530;77,49 %
tag:stardog:api:rosary;1;21531;77,49 %
tag:stardog:api:sassaki;1;21532;77,50 %
tag:stardog:api:eberhard;1;21533;77,50 %
tag:stardog:api:roque_laraias;1;21534;77,51 %
tag:stardog:api:vania_r_f_de_p_souza;1;21535;77,51 %
tag:stardog:api:kisimbi_ria_maza_nzambi;1;21536;77,51 %
tag:stardog:api:granulomet_ria;1;21537;77,52 %
tag:stardog:api:mimbositio_velho;1;21538;77,52 %
tag:stardog:api:alegrias_da_maternidade;1;21539;77,52 %
tag:stardog:api:gallo;1;21540;77,53 %
tag:stardog:api:carvalho_ferreira;1;21541;77,53 %
tag:stardog:api:carmem_bascaran;1;21542;77,53 %
tag:stardog:api:tangara_mirim;1;21543;77,54 %
tag:stardog:api:comer;1;21544;77,54 %
tag:stardog:api:mother_expedita;1;21545;77,54 %
tag:stardog:api:filha;1;21546;77,55 %
tag:stardog:api:james_clifford;1;21547;77,55 %
tag:stardog:api:jason_mafra;1;21548;77,56 %
tag:stardog:api:joao_silveira;1;21549;77,56 %
tag:stardog:api:peter_de_brito;1;21550;77,56 %
tag:stardog:api:jose_adelson_lopes_peixoto;1;21551;77,57 %
tag:stardog:api:vtes;1;21552;77,57 %
tag:stardog:api:miceli;1;21553;77,57 %
tag:stardog:api:heitor_carrilho;1;21554;77,58 %
tag:stardog:api:faith_jackson;1;21555;77,58 %
tag:stardog:api:ong;1;21556;77,58 %
tag:stardog:api:ralph_ellison;1;21557;77,59 %
tag:stardog:api:airo1201;1;21558;77,59 %
tag:stardog:api:yguaxu_re_en_rembe_re_ma;1;21559;77,60 %
tag:stardog:api:mary_mellor;1;21560;77,60 %
tag:stardog:api:decles;1;21561;77,60 %
tag:stardog:api:gaviao_kyikateje;1;21562;77,61 %
tag:stardog:api:padre_antonio_vieira;1;21563;77,61 %
tag:stardog:api:reginaldo_lopes;1;21564;77,61 %
tag:stardog:api:lopes_da_silva;1;21565;77,62 %
tag:stardog:api:antihbs;1;21566;77,62 %
tag:stardog:api:nicolas_guillen;1;21567;77,62 %
tag:stardog:api:klitores_kaos;1;21568;77,63 %
tag:stardog:api:redescobrimentos;1;21569;77,63 %
tag:stardog:api:law_134672017;1;21570;77,63 %
tag:stardog:api:este_estudo;1;21571;77,64 %
tag:stardog:api:maria_virgem;1;21572;77,64 %
tag:stardog:api:costa_andrade;1;21573;77,65 %
tag:stardog:api:charreu;1;21574;77,65 %
tag:stardog:api:xyleborinus_gracilis;1;21575;77,65 %
tag:stardog:api:sara_silva;1;21576;77,66 %
tag:stardog:api:roda_para;1;21577;77,66 %
tag:stardog:api:pierreandre_taguieff;1;21578;77,66 %
tag:stardog:api:luiz_cezar_de_mari;1;21579;77,67 %
tag:stardog:api:i_povo;1;21580;77,67 %
tag:stardog:api:icms_ecologico;1;21581;77,67 %
tag:stardog:api:ciencia_moderna;1;21582;77,68 %
tag:stardog:api:alice_c_lopes;1;21583;77,68 %
tag:stardog:api:debora_cristina_jeffrey;1;21584;77,68 %
tag:stardog:api:daniel_champagne;1;21585;77,69 %
tag:stardog:api:verdadeira_historia_de_diacui;1;21586;77,69 %
tag:stardog:api:guasch;1;21587;77,70 %
tag:stardog:api:sateresmawe;1;21588;77,70 %
tag:stardog:api:kapishtana;1;21589;77,70 %
tag:stardog:api:dr_guilherme_souza_cavalcanti_de_albuquerque;1;21590;77,71 %
tag:stardog:api:africa_laranjituba;1;21591;77,71 %
tag:stardog:api:emprapa_agroindustria_tropical;1;21592;77,71 %
tag:stardog:api:aldeia_prata;1;21593;77,72 %
tag:stardog:api:tata_rekove_aegui;1;21594;77,72 %
tag:stardog:api:silvio_coelho_santos;1;21595;77,72 %
tag:stardog:api:guanas;1;21596;77,73 %
tag:stardog:api:kal;1;21597;77,73 %
tag:stardog:api:amanda_eccel_dornelles;1;21598;77,74 %
tag:stardog:api:veronica_fabrini_machado_de_almeida;1;21599;77,74 %
tag:stardog:api:ayvu_ma_tronco_tupi;1;21600;77,74 %
tag:stardog:api:dr_vitor_eduardo_schincariol;1;21601;77,75 %
tag:stardog:api:direcionaa;1;21602;77,75 %
tag:stardog:api:ziziphus_joazeiro_mart;1;21603;77,75 %
tag:stardog:api:aspergillus;1;21604;77,76 %
tag:stardog:api:raimundo_nascimento;1;21605;77,76 %
tag:stardog:api:margaret_mead;1;21606;77,76 %
tag:stardog:api:brenez;1;21607;77,77 %
tag:stardog:api:carol;1;21608;77,77 %
tag:stardog:api:almanak;1;21609;77,77 %
tag:stardog:api:koerner;1;21610;77,78 %
tag:stardog:api:abdulaziz;1;21611;77,78 %
tag:stardog:api:jane_austen;1;21612;77,79 %
tag:stardog:api:jorge_bezerra_arruda;1;21613;77,79 %
tag:stardog:api:hematimetria;1;21614;77,79 %
tag:stardog:api:zelinda_da_silva_freitas;1;21615;77,80 %
tag:stardog:api:dory_de_oliveira;1;21616;77,80 %
tag:stardog:api:aristotle;1;21617;77,80 %
tag:stardog:api:lucas_landau;1;21618;77,81 %
tag:stardog:api:angelo_panebianco;1;21619;77,81 %
tag:stardog:api:figueiredo_santos;1;21620;77,81 %
tag:stardog:api:professora_glorita;1;21621;77,82 %
tag:stardog:api:harry_markowitz;1;21622;77,82 %
tag:stardog:api:ile_a77797865;1;21623;77,83 %
tag:stardog:api:aijiz_ahmad;1;21624;77,83 %
tag:stardog:api:isabel_de_aragao;1;21625;77,83 %
tag:stardog:api:vicencio_mamiani;1;21626;77,84 %
tag:stardog:api:suzel_ana_reily;1;21627;77,84 %
tag:stardog:api:pecola_breedlove;1;21628;77,84 %
tag:stardog:api:wiednewied;1;21629;77,85 %
tag:stardog:api:sousa_simbolysm;1;21630;77,85 %
tag:stardog:api:lifshitz;1;21631;77,85 %
tag:stardog:api:carolus;1;21632;77,86 %
tag:stardog:api:gardner;1;21633;77,86 %
tag:stardog:api:donald_schon;1;21634;77,86 %
tag:stardog:api:recordacoes;1;21635;77,87 %
tag:stardog:api:gradiencia;1;21636;77,87 %
tag:stardog:api:nilce_de_souza_magalhaes;1;21637;77,88 %
tag:stardog:api:pierces;1;21638;77,88 %
tag:stardog:api:waters;1;21639;77,88 %
tag:stardog:api:contretemps;1;21640;77,89 %
tag:stardog:api:the_auwe_uptabi;1;21641;77,89 %
tag:stardog:api:retomo_hall;1;21642;77,89 %
tag:stardog:api:whohaveconfiguredtheirrightsfrom_therecognition;1;21643;77,90 %
tag:stardog:api:jesuino;1;21644;77,90 %
tag:stardog:api:quaderni_rossi;1;21645;77,90 %
tag:stardog:api:muniz_barreto;1;21646;77,91 %
tag:stardog:api:presenca_negra;1;21647;77,91 %
tag:stardog:api:john_austins;1;21648;77,92 %
tag:stardog:api:moebius;1;21649;77,92 %
tag:stardog:api:ghip;1;21650;77,92 %
tag:stardog:api:assia_djebar;1;21651;77,93 %
tag:stardog:api:rexistencias;1;21652;77,93 %
tag:stardog:api:fernando_penna;1;21653;77,93 %
tag:stardog:api:iambico;1;21654;77,94 %
tag:stardog:api:b4ca;1;21655;77,94 %
tag:stardog:api:senhora_rosinha;1;21656;77,94 %
tag:stardog:api:mazza_edicoes;1;21657;77,95 %
tag:stardog:api:iemanja;1;21658;77,95 %
tag:stardog:api:carater_multietnico_e_plurinacional;1;21659;77,95 %
tag:stardog:api:makota_terapia;1;21660;77,96 %
tag:stardog:api:alonso;1;21661;77,96 %
tag:stardog:api:the_lesser_blessed;1;21662;77,97 %
tag:stardog:api:cortazar;1;21663;77,97 %
tag:stardog:api:manuela_dias;1;21664;77,97 %
tag:stardog:api:mitocritica;1;21665;77,98 %
tag:stardog:api:ghizoni;1;21666;77,98 %
tag:stardog:api:gabaergico;1;21667;77,98 %
tag:stardog:api:lovejoy;1;21668;77,99 %
tag:stardog:api:adriana_cristina_sambugaro_de_mattos_brahim;1;21669;77,99 %
tag:stardog:api:valdecir_nascimento;1;21670;77,99 %
tag:stardog:api:greni;1;21671;78,00 %
tag:stardog:api:c825t;1;21672;78,00 %
tag:stardog:api:marly_andre;1;21673;78,01 %
tag:stardog:api:robert_wayne_slenes;1;21674;78,01 %
tag:stardog:api:lemos;1;21675;78,01 %
tag:stardog:api:bryconamericus_sp;1;21676;78,02 %
tag:stardog:api:kaka_vera_jakupe;1;21677;78,02 %
tag:stardog:api:retireiros;1;21678;78,02 %
tag:stardog:api:ayron_dalligno_rodrigues;1;21679;78,03 %
tag:stardog:api:frances_harper;1;21680;78,03 %
tag:stardog:api:nelson_taquina;1;21681;78,03 %
tag:stardog:api:cafunda_astrogilda_quilombo;1;21682;78,04 %
tag:stardog:api:mae_aninha;1;21683;78,04 %
tag:stardog:api:ary_fernandes;1;21684;78,04 %
tag:stardog:api:joaquim_mana_kaxinawa;1;21685;78,05 %
tag:stardog:api:vintenas;1;21686;78,05 %
tag:stardog:api:moraes_leite;1;21687;78,06 %
tag:stardog:api:narciso_telles;1;21688;78,06 %
tag:stardog:api:mendonca_potiguara;1;21689;78,06 %
tag:stardog:api:william_lipkind;1;21690;78,07 %
tag:stardog:api:tatakti_kyikateje;1;21691;78,07 %
tag:stardog:api:cornelio_penna;1;21692;78,07 %
tag:stardog:api:abramo;1;21693;78,08 %
tag:stardog:api:professor;1;21694;78,08 %
tag:stardog:api:persigo_nesta_dissertacao;1;21695;78,08 %
tag:stardog:api:dubroca;1;21696;78,09 %
tag:stardog:api:gheerbrant;1;21697;78,09 %
tag:stardog:api:josinaldo_matos;1;21698;78,10 %
tag:stardog:api:de_chinelo;1;21699;78,10 %
tag:stardog:api:7905_mg;1;21700;78,10 %
tag:stardog:api:janja_araujo;1;21701;78,11 %
tag:stardog:api:maria_baibich;1;21702;78,11 %
tag:stardog:api:b_basicola;1;21703;78,11 %
tag:stardog:api:idiomas_besiromojenoguaranigwarayu;1;21704;78,12 %
tag:stardog:api:mauricio_arruti;1;21705;78,12 %
tag:stardog:api:john_lubbock;1;21706;78,12 %
tag:stardog:api:corteidh;1;21707;78,13 %
tag:stardog:api:pibic;1;21708;78,13 %
tag:stardog:api:kruskall_wallis;1;21709;78,13 %
tag:stardog:api:mametu_muiande;1;21710;78,14 %
tag:stardog:api:orissi;1;21711;78,14 %
tag:stardog:api:pergandiella_howard;1;21712;78,15 %
tag:stardog:api:linda_heywood;1;21713;78,15 %
tag:stardog:api:vicente_juarimbu_salles;1;21714;78,15 %
tag:stardog:api:pedro_mico;1;21715;78,16 %
tag:stardog:api:ribeirao_silveira;1;21716;78,16 %
tag:stardog:api:psidium;1;21717;78,16 %
tag:stardog:api:dolinas;1;21718;78,17 %
tag:stardog:api:boxe;1;21719;78,17 %
tag:stardog:api:jaime_altavilla;1;21720;78,17 %
tag:stardog:api:noemia_de_sousa;1;21721;78,18 %
tag:stardog:api:viva;1;21722;78,18 %
tag:stardog:api:autoetnografico;1;21723;78,19 %
tag:stardog:api:goyas;1;21724;78,19 %
tag:stardog:api:thomaz_tadeu_da_silva;1;21725;78,19 %
tag:stardog:api:incl3;1;21726;78,20 %
tag:stardog:api:graca_lima;1;21727;78,20 %
tag:stardog:api:vidas_secas;1;21728;78,20 %
tag:stardog:api:de_estado;1;21729;78,21 %
tag:stardog:api:silvestre;1;21730;78,21 %
tag:stardog:api:corydoras;1;21731;78,21 %
tag:stardog:api:ngc7213;1;21732;78,22 %
tag:stardog:api:yary_ty;1;21733;78,22 %
tag:stardog:api:joelson_ferreira;1;21734;78,22 %
tag:stardog:api:effervescence;1;21735;78,23 %
tag:stardog:api:sobre_experiencias_de_liberdade_vivenciadas_e_compartilhadas_pelos_egressos;1;21736;78,23 %
tag:stardog:api:vania_melo;1;21737;78,24 %
tag:stardog:api:kilomba_grada;1;21738;78,24 %
tag:stardog:api:justicia_acuminatissima;1;21739;78,24 %
tag:stardog:api:dom_casmurro;1;21740;78,25 %
tag:stardog:api:luciana_zaffalon;1;21741;78,25 %
tag:stardog:api:abdon_batista;1;21742;78,25 %
tag:stardog:api:dr_angelo_aparecido;1;21743;78,26 %
tag:stardog:api:kuera_oiko;1;21744;78,26 %
tag:stardog:api:rosmarinus_officinalis;1;21745;78,26 %
tag:stardog:api:bernardo_carvalho;1;21746;78,27 %
tag:stardog:api:eugenia_brasiliensis_lam;1;21747;78,27 %
tag:stardog:api:x_citri_pv;1;21748;78,28 %
tag:stardog:api:eugenio_raul_zaffaroni;1;21749;78,28 %
tag:stardog:api:juliana;1;21750;78,28 %
tag:stardog:api:carrano;1;21751;78,29 %
tag:stardog:api:marcia_amantino;1;21752;78,29 %
tag:stardog:api:nascentes_geraizeiras;1;21753;78,29 %
tag:stardog:api:visconde_de_loures;1;21754;78,30 %
tag:stardog:api:d_joao;1;21755;78,30 %
tag:stardog:api:jonathan_potter;1;21756;78,30 %
tag:stardog:api:apreendido_durante;1;21757;78,31 %
tag:stardog:api:imagens_faladas;1;21758;78,31 %
tag:stardog:api:irene_bessiere;1;21759;78,31 %
tag:stardog:api:ivan_bystrina;1;21760;78,32 %
tag:stardog:api:figura;1;21761;78,32 %
tag:stardog:api:a_brassicae;1;21762;78,33 %
tag:stardog:api:dalmir;1;21763;78,33 %
tag:stardog:api:proteobacterias;1;21764;78,33 %
tag:stardog:api:yvonne_maggie;1;21765;78,34 %
tag:stardog:api:foguinho;1;21766;78,34 %
tag:stardog:api:wettinia;1;21767;78,34 %
tag:stardog:api:cds;1;21768;78,35 %
tag:stardog:api:van_der_linden;1;21769;78,35 %
tag:stardog:api:karenga;1;21770;78,35 %
tag:stardog:api:unich;1;21771;78,36 %
tag:stardog:api:tonian;1;21772;78,36 %
tag:stardog:api:joao_vieira_de_araujo;1;21773;78,37 %
tag:stardog:api:daniel_bertaux;1;21774;78,37 %
tag:stardog:api:comendadores;1;21775;78,37 %
tag:stardog:api:praia;1;21776;78,38 %
tag:stardog:api:marcos_antonio_dias_batista;1;21777;78,38 %
tag:stardog:api:sitio_historico;1;21778;78,38 %
tag:stardog:api:s_moscovici;1;21779;78,39 %
tag:stardog:api:dia_apos_outro_dia;1;21780;78,39 %
tag:stardog:api:cainelli;1;21781;78,39 %
tag:stardog:api:suiamissu;1;21782;78,40 %
tag:stardog:api:registros_paroquiais_e_notariais;1;21783;78,40 %
tag:stardog:api:redes_de_abastecimento_que;1;21784;78,40 %
tag:stardog:api:ldb1996;1;21785;78,41 %
tag:stardog:api:jose_ciriaco_sobrinho;1;21786;78,41 %
tag:stardog:api:roman_ingarden;1;21787;78,42 %
tag:stardog:api:zacimba;1;21788;78,42 %
tag:stardog:api:jose_luiz_villamarim;1;21789;78,42 %
tag:stardog:api:mestre_boi;1;21790;78,43 %
tag:stardog:api:fag_tan;1;21791;78,43 %
tag:stardog:api:claude_dubar;1;21792;78,43 %
tag:stardog:api:mestre_polaco;1;21793;78,44 %
tag:stardog:api:djane_santiago_de_jesus;1;21794;78,44 %
tag:stardog:api:norman_faircloughs;1;21795;78,44 %
tag:stardog:api:amefricanidade_gonzalez;1;21796;78,45 %
tag:stardog:api:milanez;1;21797;78,45 %
tag:stardog:api:agne;1;21798;78,46 %
tag:stardog:api:viela_das_flores;1;21799;78,46 %
tag:stardog:api:levoume;1;21800;78,46 %
tag:stardog:api:ethn;1;21801;78,47 %
tag:stardog:api:felinto;1;21802;78,47 %
tag:stardog:api:olivio_juekupe;1;21803;78,47 %
tag:stardog:api:stefanboltzmann;1;21804;78,48 %
tag:stardog:api:marques_de_barbacena;1;21805;78,48 %
tag:stardog:api:teun_van_dijks;1;21806;78,48 %
tag:stardog:api:araroba;1;21807;78,49 %
tag:stardog:api:otail;1;21808;78,49 %
tag:stardog:api:juarez_cirino_dos_santos;1;21809;78,49 %
tag:stardog:api:von_frey;1;21810;78,50 %
tag:stardog:api:tereza_scheiner;1;21811;78,50 %
tag:stardog:api:vero;1;21812;78,51 %
tag:stardog:api:gandu;1;21813;78,51 %
tag:stardog:api:p_volitans;1;21814;78,51 %
tag:stardog:api:dialogating;1;21815;78,52 %
tag:stardog:api:sulami_katy;1;21816;78,52 %
tag:stardog:api:jose_joaquim_machado_de_oliveira;1;21817;78,52 %
tag:stardog:api:sacarose;1;21818;78,53 %
tag:stardog:api:the_brejo_dos_crioulos;1;21819;78,53 %
tag:stardog:api:vivian_motta;1;21820;78,53 %
tag:stardog:api:ferguson;1;21821;78,54 %
tag:stardog:api:mentha_arvensis;1;21822;78,54 %
tag:stardog:api:phyllanthus_niruri;1;21823;78,55 %
tag:stardog:api:lycariao;1;21824;78,55 %
tag:stardog:api:marco_feliciano;1;21825;78,55 %
tag:stardog:api:osvaldo;1;21826;78,56 %
tag:stardog:api:profa_dra_joana_darc_fernandes_ferraz;1;21827;78,56 %
tag:stardog:api:kuatia_rcnei;1;21828;78,56 %
tag:stardog:api:roberto;1;21829;78,57 %
tag:stardog:api:de_melo;1;21830;78,57 %
tag:stardog:api:jenkamu_tan;1;21831;78,57 %
tag:stardog:api:alcides_arguedas;1;21832;78,58 %
tag:stardog:api:pedro_maria_trompowsky;1;21833;78,58 %
tag:stardog:api:barbie;1;21834;78,58 %
tag:stardog:api:fernanda_bruno;1;21835;78,59 %
tag:stardog:api:croton_rhaminifolius_kunth;1;21836;78,59 %
tag:stardog:api:hemoglobinopatias;1;21837;78,60 %
tag:stardog:api:luciana_brito;1;21838;78,60 %
tag:stardog:api:bluteau;1;21839;78,60 %
tag:stardog:api:alejandra_egido;1;21840;78,61 %
tag:stardog:api:heta_vae;1;21841;78,61 %
tag:stardog:api:both;1;21842;78,61 %
tag:stardog:api:luiz_alberto_de_melo;1;21843;78,62 %
tag:stardog:api:ingrid_koudela;1;21844;78,62 %
tag:stardog:api:imbiral_cabeca_branca;1;21845;78,62 %
tag:stardog:api:doglas;1;21846;78,63 %
tag:stardog:api:caxixos;1;21847;78,63 %
tag:stardog:api:murilo_carvalho;1;21848;78,64 %
tag:stardog:api:jaime_silvas;1;21849;78,64 %
tag:stardog:api:dana;1;21850;78,64 %
tag:stardog:api:audiencias_de_custodia;1;21851;78,65 %
tag:stardog:api:ppq;1;21852;78,65 %
tag:stardog:api:tikmuunmaxakali;1;21853;78,65 %
tag:stardog:api:ziviani;1;21854;78,66 %
tag:stardog:api:the_shadow_hunter;1;21855;78,66 %
tag:stardog:api:tavg;1;21856;78,66 %
tag:stardog:api:boullon;1;21857;78,67 %
tag:stardog:api:barrela;1;21858;78,67 %
tag:stardog:api:millsp;1;21859;78,67 %
tag:stardog:api:amaro;1;21860;78,68 %
tag:stardog:api:mestre_arnaldo_de_lima;1;21861;78,68 %
tag:stardog:api:amaros;1;21862;78,69 %
tag:stardog:api:viviane_juguero;1;21863;78,69 %
tag:stardog:api:transculturacion;1;21864;78,69 %
tag:stardog:api:projetos_extraescolares_javae;1;21865;78,70 %
tag:stardog:api:marie_curie;1;21866;78,70 %
tag:stardog:api:furtado__villa;1;21867;78,70 %
tag:stardog:api:oiko_nheporandu;1;21868;78,71 %
tag:stardog:api:entrevistados_anciaos_e_demais_membros;1;21869;78,71 %
tag:stardog:api:prodonov;1;21870;78,71 %
tag:stardog:api:belfort_roxo;1;21871;78,72 %
tag:stardog:api:ouredefinir;1;21872;78,72 %
tag:stardog:api:karen_warren;1;21873;78,73 %
tag:stardog:api:weve;1;21874;78,73 %
tag:stardog:api:rede_mocambos;1;21875;78,73 %
tag:stardog:api:lance;1;21876;78,74 %
tag:stardog:api:fmmnnit;1;21877;78,74 %
tag:stardog:api:rene_lourau;1;21878;78,74 %
tag:stardog:api:mbl;1;21879;78,75 %
tag:stardog:api:estresse_termico_e;1;21880;78,75 %
tag:stardog:api:walty;1;21881;78,75 %
tag:stardog:api:emiliano;1;21882;78,76 %
tag:stardog:api:nadia_diniz;1;21883;78,76 %
tag:stardog:api:praxiologia_motriz;1;21884;78,76 %
tag:stardog:api:joel_zito_de_araujo;1;21885;78,77 %
tag:stardog:api:maria_lucia_montes;1;21886;78,77 %
tag:stardog:api:schott;1;21887;78,78 %
tag:stardog:api:william_luis;1;21888;78,78 %
tag:stardog:api:zeca_pagodinho;1;21889;78,78 %
tag:stardog:api:tambor_de_sopapo;1;21890;78,79 %
tag:stardog:api:decio_gatti_junior;1;21891;78,79 %
tag:stardog:api:sean_taylor;1;21892;78,79 %
tag:stardog:api:siegfried_ellwanger;1;21893;78,80 %
tag:stardog:api:coxal_cranial;1;21894;78,80 %
tag:stardog:api:michelle_sousa;1;21895;78,80 %
tag:stardog:api:eunice_s;1;21896;78,81 %
tag:stardog:api:ngr_morfossintaticamente;1;21897;78,81 %
tag:stardog:api:paulo_paim;1;21898;78,82 %
tag:stardog:api:ciencia_indigena;1;21899;78,82 %
tag:stardog:api:francisco_rivas_neto;1;21900;78,82 %
tag:stardog:api:schenker;1;21901;78,83 %
tag:stardog:api:david_roas;1;21902;78,83 %
tag:stardog:api:professor_dr_dimas_floriani;1;21903;78,83 %
tag:stardog:api:mary_douglas;1;21904;78,84 %
tag:stardog:api:eduardo_de_oliveira;1;21905;78,84 %
tag:stardog:api:j_r_r_tolkien;1;21906;78,84 %
tag:stardog:api:isa_continuidade;1;21907;78,85 %
tag:stardog:api:luca;1;21908;78,85 %
tag:stardog:api:mae_iberecy;1;21909;78,85 %
tag:stardog:api:kubota;1;21910;78,86 %
tag:stardog:api:jacques_delors;1;21911;78,86 %
tag:stardog:api:morris;1;21912;78,87 %
tag:stardog:api:gerson_luiz_mantovani;1;21913;78,87 %
tag:stardog:api:ribeirao_itambe__chapada;1;21914;78,87 %
tag:stardog:api:professora_doutora_nereide_saviani;1;21915;78,88 %
tag:stardog:api:missie_may;1;21916;78,88 %
tag:stardog:api:kekere;1;21917;78,88 %
tag:stardog:api:taussig;1;21918;78,89 %
tag:stardog:api:tania_maria_baibich_faria;1;21919;78,89 %
tag:stardog:api:limites;1;21920;78,89 %
tag:stardog:api:pc6h4nme2;1;21921;78,90 %
tag:stardog:api:manoel_da_conceicao;1;21922;78,90 %
tag:stardog:api:quilombola_von_bock;1;21923;78,91 %
tag:stardog:api:cypriano_manoel;1;21924;78,91 %
tag:stardog:api:raca_negra_e_educacao;1;21925;78,91 %
tag:stardog:api:fausto_antonio;1;21926;78,92 %
tag:stardog:api:dimenstein;1;21927;78,92 %
tag:stardog:api:joaquim_pinto_de_oliveira;1;21928;78,92 %
tag:stardog:api:fabian_luduena;1;21929;78,93 %
tag:stardog:api:metodo_dedutivo;1;21930;78,93 %
tag:stardog:api:mirian_cristina_santos;1;21931;78,93 %
tag:stardog:api:aegla_paulensis_s_str;1;21932;78,94 %
tag:stardog:api:singer;1;21933;78,94 %
tag:stardog:api:jose_correia_leite;1;21934;78,94 %
tag:stardog:api:deise_lucy_oliveira_montardo;1;21935;78,95 %
tag:stardog:api:oxido_de_grafeno;1;21936;78,95 %
tag:stardog:api:e_landowski;1;21937;78,96 %
tag:stardog:api:morisson;1;21938;78,96 %
tag:stardog:api:agata_sequeira;1;21939;78,96 %
tag:stardog:api:corpescasamultidao;1;21940;78,97 %
tag:stardog:api:plinio_soares_de_arruda;1;21941;78,97 %
tag:stardog:api:bororo_ocidentais;1;21942;78,97 %
tag:stardog:api:alain_badiou;1;21943;78,98 %
tag:stardog:api:dr_mauricio_cesar_vitoria_fagundes;1;21944;78,98 %
tag:stardog:api:silvio_matheus;1;21945;78,98 %
tag:stardog:api:gildasio_jardim;1;21946;78,99 %
tag:stardog:api:maria_auxiliadora_liberato;1;21947;78,99 %
tag:stardog:api:jeanclaude_kaufmann;1;21948;79,00 %
tag:stardog:api:nc_ep_t_s_ab_ou;1;21949;79,00 %
tag:stardog:api:livia_zaruty;1;21950;79,00 %
tag:stardog:api:amauri_mendes_pereira;1;21951;79,01 %
tag:stardog:api:dorothy;1;21952;79,01 %
tag:stardog:api:josefa_salete_barbosa_cavalcanti;1;21953;79,01 %
tag:stardog:api:protagonistas_do_primeiro_grande_despertar;1;21954;79,02 %
tag:stardog:api:jeiko;1;21955;79,02 %
tag:stardog:api:santos_cavalleiro;1;21956;79,02 %
tag:stardog:api:miguel_antonio_d__silva;1;21957;79,03 %
tag:stardog:api:cosme_e_damiao;1;21958;79,03 %
tag:stardog:api:projetos_extraescolares;1;21959;79,03 %
tag:stardog:api:edmundo_sussumu_fujita;1;21960;79,04 %
tag:stardog:api:sobrepujanca;1;21961;79,04 %
tag:stardog:api:scilla_franco;1;21962;79,05 %
tag:stardog:api:llia_gonzales;1;21963;79,05 %
tag:stardog:api:sullivan;1;21964;79,05 %
tag:stardog:api:anthony_smith;1;21965;79,06 %
tag:stardog:api:siosi;1;21966;79,06 %
tag:stardog:api:joao_grande;1;21967;79,06 %
tag:stardog:api:helvecia_quilombo;1;21968;79,07 %
tag:stardog:api:ail;1;21969;79,07 %
tag:stardog:api:albertina;1;21970;79,07 %
tag:stardog:api:luiz_gonzaga;1;21971;79,08 %
tag:stardog:api:ecolifer;1;21972;79,08 %
tag:stardog:api:possui_compostos_bioativos;1;21973;79,09 %
tag:stardog:api:gauthier;1;21974;79,09 %
tag:stardog:api:gilda_figueireo;1;21975;79,09 %
tag:stardog:api:maria_anoria_de_j_oliveira;1;21976;79,10 %
tag:stardog:api:casemiro_dos_reis_filho;1;21977;79,10 %
tag:stardog:api:concernem;1;21978;79,10 %
tag:stardog:api:neusa_sousa;1;21979;79,11 %
tag:stardog:api:lei_de_diretrizes_e_bases_da_educacao_nacional;1;21980;79,11 %
tag:stardog:api:magdalene;1;21981;79,11 %
tag:stardog:api:michele;1;21982;79,12 %
tag:stardog:api:its4;1;21983;79,12 %
tag:stardog:api:homem_invisivel;1;21984;79,12 %
tag:stardog:api:manuel_alves;1;21985;79,13 %
tag:stardog:api:marias;1;21986;79,13 %
tag:stardog:api:angela_maria_dos_santos;1;21987;79,14 %
tag:stardog:api:discriminacaes;1;21988;79,14 %
tag:stardog:api:homem_do_jequitinhonha;1;21989;79,14 %
tag:stardog:api:amelia;1;21990;79,15 %
tag:stardog:api:otum_oba;1;21991;79,15 %
tag:stardog:api:gilberto_ferreira;1;21992;79,15 %
tag:stardog:api:pressuponho;1;21993;79,16 %
tag:stardog:api:capuchin;1;21994;79,16 %
tag:stardog:api:luiz_gonzaga_pinto_da_gama;1;21995;79,16 %
tag:stardog:api:lindinalva_barbosa;1;21996;79,17 %
tag:stardog:api:clara_de_almeida_barbosa;1;21997;79,17 %
tag:stardog:api:antoine_prost;1;21998;79,18 %
tag:stardog:api:paula_goncalves;1;21999;79,18 %
tag:stardog:api:cavaleiro_de_cristo;1;22000;79,18 %
tag:stardog:api:maria_theodora;1;22001;79,19 %
tag:stardog:api:familia_magalhaes;1;22002;79,19 %
tag:stardog:api:michele_perrot;1;22003;79,19 %
tag:stardog:api:gabriela_leandro_pereira;1;22004;79,20 %
tag:stardog:api:tais_moura_tavares;1;22005;79,20 %
tag:stardog:api:lanio_melanops;1;22006;79,20 %
tag:stardog:api:imhoff;1;22007;79,21 %
tag:stardog:api:sergio_baptista;1;22008;79,21 %
tag:stardog:api:aee;1;22009;79,21 %
tag:stardog:api:maracatu_nacao;1;22010;79,22 %
tag:stardog:api:heta_vae_kuery;1;22011;79,22 %
tag:stardog:api:cuti_silva;1;22012;79,23 %
tag:stardog:api:nestor_garcia_canclini_s;1;22013;79,23 %
tag:stardog:api:shortergooden;1;22014;79,23 %
tag:stardog:api:luci_seki;1;22015;79,24 %
tag:stardog:api:learnings;1;22016;79,24 %
tag:stardog:api:h2ac4ph;1;22017;79,24 %
tag:stardog:api:catalogo_de_teses_e;1;22018;79,25 %
tag:stardog:api:carolina_monteiro;1;22019;79,25 %
tag:stardog:api:odwyer;1;22020;79,25 %
tag:stardog:api:chantal_lacroix;1;22021;79,26 %
tag:stardog:api:ferreira_de_castro;1;22022;79,26 %
tag:stardog:api:marcellino_jose_alves;1;22023;79,27 %
tag:stardog:api:juliana_cordeiro;1;22024;79,27 %
tag:stardog:api:lideranas_comunitrias;1;22025;79,27 %
tag:stardog:api:noel_nutels;1;22026;79,28 %
tag:stardog:api:acervo_da_laje;1;22027;79,28 %
tag:stardog:api:makota_kidoiale;1;22028;79,28 %
tag:stardog:api:stowell;1;22029;79,29 %
tag:stardog:api:comercio_de_alforrias;1;22030;79,29 %
tag:stardog:api:imerso;1;22031;79,29 %
tag:stardog:api:grande_othelo;1;22032;79,30 %
tag:stardog:api:elena_brugioni;1;22033;79,30 %
tag:stardog:api:jorge_de_lima;1;22034;79,30 %
tag:stardog:api:usos;1;22035;79,31 %
tag:stardog:api:desprovidas_de_cidadania;1;22036;79,31 %
tag:stardog:api:grace_grauna;1;22037;79,32 %
tag:stardog:api:claude_dabbeville;1;22038;79,32 %
tag:stardog:api:transgenero;1;22039;79,32 %
tag:stardog:api:liliana_da_escssia;1;22040;79,33 %
tag:stardog:api:mboguyguy_guasuvi;1;22041;79,33 %
tag:stardog:api:carlos_reis;1;22042;79,33 %
tag:stardog:api:arthur_timotheo_da_costa;1;22043;79,34 %
tag:stardog:api:ruy_duarte_de_carvalho;1;22044;79,34 %
tag:stardog:api:por_forca_da_sua_condicao_de_raca_e_classe_que;1;22045;79,34 %
tag:stardog:api:racide_matuawa;1;22046;79,35 %
tag:stardog:api:claudio;1;22047;79,35 %
tag:stardog:api:ana_maria_muratori;1;22048;79,36 %
tag:stardog:api:ka_aguy_ovy_por;1;22049;79,36 %
tag:stardog:api:bernardet;1;22050;79,36 %
tag:stardog:api:como_se;1;22051;79,37 %
tag:stardog:api:kuera_tekoteve;1;22052;79,37 %
tag:stardog:api:ernst_gotsch;1;22053;79,37 %
tag:stardog:api:palikurarukwayene_do_rio_urukaua;1;22054;79,38 %
tag:stardog:api:ceu_quilombo;1;22055;79,38 %
tag:stardog:api:mestra_iara_deodoro;1;22056;79,38 %
tag:stardog:api:ghedin;1;22057;79,39 %
tag:stardog:api:percepo;1;22058;79,39 %
tag:stardog:api:teun;1;22059;79,39 %
tag:stardog:api:carrasco;1;22060;79,40 %
tag:stardog:api:pedro_cesarino;1;22061;79,40 %
tag:stardog:api:mario_sergio_cortella;1;22062;79,41 %
tag:stardog:api:alferes;1;22063;79,41 %
tag:stardog:api:assistencia_integral_a_saude_das_mulheres;1;22064;79,41 %
tag:stardog:api:pedrosojunior;1;22065;79,42 %
tag:stardog:api:peter;1;22066;79,42 %
tag:stardog:api:holmes;1;22067;79,42 %
tag:stardog:api:nbya_kuery_ma;1;22068;79,43 %
tag:stardog:api:cobeu;1;22069;79,43 %
tag:stardog:api:opresso;1;22070;79,43 %
tag:stardog:api:maria_lucia_silva;1;22071;79,44 %
tag:stardog:api:ildo_meneghetti;1;22072;79,44 %
tag:stardog:api:walnice_nogueira_galvao;1;22073;79,45 %
tag:stardog:api:kumaravadivelu;1;22074;79,45 %
tag:stardog:api:juan_manuel_santos;1;22075;79,45 %
tag:stardog:api:ubuntu;1;22076;79,46 %
tag:stardog:api:qualiquantitativa;1;22077;79,46 %
tag:stardog:api:babalorixa;1;22078;79,46 %
tag:stardog:api:o_impluviata;1;22079;79,47 %
tag:stardog:api:kroeker;1;22080;79,47 %
tag:stardog:api:alem_de_boa_qualidade_nutricional;1;22081;79,47 %
tag:stardog:api:philippe_levillain;1;22082;79,48 %
tag:stardog:api:fora;1;22083;79,48 %
tag:stardog:api:mario_delgado_aparain;1;22084;79,48 %
tag:stardog:api:wolverine;1;22085;79,49 %
tag:stardog:api:nega_gizza;1;22086;79,49 %
tag:stardog:api:parakanas;1;22087;79,50 %
tag:stardog:api:fernando_paixao;1;22088;79,50 %
tag:stardog:api:santissima_trindade__mt;1;22089;79,50 %
tag:stardog:api:petronila_pordeus;1;22090;79,51 %
tag:stardog:api:armando_valdomiro;1;22091;79,51 %
tag:stardog:api:vasapollo;1;22092;79,51 %
tag:stardog:api:dr_carlos_eduardo_vieira;1;22093;79,52 %
tag:stardog:api:torcidas_organizadas;1;22094;79,52 %
tag:stardog:api:vergnaud;1;22095;79,52 %
tag:stardog:api:eugenio_barba;1;22096;79,53 %
tag:stardog:api:joao_dias;1;22097;79,53 %
tag:stardog:api:jacyan_castilho;1;22098;79,53 %
tag:stardog:api:mark_anderson;1;22099;79,54 %
tag:stardog:api:aline_coelho;1;22100;79,54 %
tag:stardog:api:pep;1;22101;79,55 %
tag:stardog:api:maria_esther_de_miguel;1;22102;79,55 %
tag:stardog:api:maria_mariquita_y;1;22103;79,55 %
tag:stardog:api:meu_japao_brasileiro;1;22104;79,56 %
tag:stardog:api:black_litterman;1;22105;79,56 %
tag:stardog:api:saynawa;1;22106;79,56 %
tag:stardog:api:gerhardt;1;22107;79,57 %
tag:stardog:api:ararakaro;1;22108;79,57 %
tag:stardog:api:para_solucionar;1;22109;79,57 %
tag:stardog:api:al_gores;1;22110;79,58 %
tag:stardog:api:de_fruta_apresentaram_boa_aceitacao_sensorialpelos_consumidores;1;22111;79,58 %
tag:stardog:api:diglossia;1;22112;79,59 %
tag:stardog:api:hagua_ohupyty_mbarete_tuicha_ojepota_eteva;1;22113;79,59 %
tag:stardog:api:luciana_togni_de_lima_e_silva_surjus;1;22114;79,59 %
tag:stardog:api:alan_dundes;1;22115;79,60 %
tag:stardog:api:gildo_sampaio;1;22116;79,60 %
tag:stardog:api:h_malabaricus;1;22117;79,60 %
tag:stardog:api:huey_tozoztli;1;22118;79,61 %
tag:stardog:api:sab;1;22119;79,61 %
tag:stardog:api:stavenhagen;1;22120;79,61 %
tag:stardog:api:albuquerque_da_silva;1;22121;79,62 %
tag:stardog:api:nossa_senhora_do_carmo;1;22122;79,62 %
tag:stardog:api:mahommah_g_baquaqua;1;22123;79,62 %
tag:stardog:api:everardo_duarte_nunes;1;22124;79,63 %
tag:stardog:api:galtung;1;22125;79,63 %
tag:stardog:api:jim_logan;1;22126;79,64 %
tag:stardog:api:mulher_negra_antirracismo;1;22127;79,64 %
tag:stardog:api:jose_do_patrocinio_marques_tocantins;1;22128;79,64 %
tag:stardog:api:dany_laferriere;1;22129;79,65 %
tag:stardog:api:diaz_bordenave;1;22130;79,65 %
tag:stardog:api:z_norte;1;22131;79,65 %
tag:stardog:api:conflitos_territoriais_e_identidade_quilombola;1;22132;79,66 %
tag:stardog:api:flick;1;22133;79,66 %
tag:stardog:api:marcos_fabricio_lopes_da_silva;1;22134;79,66 %
tag:stardog:api:james_f_cooper;1;22135;79,67 %
tag:stardog:api:autoreconhecimento_como_remanescente_de_quilombo_e_da_titulacao;1;22136;79,67 %
tag:stardog:api:theodor_w_adorno;1;22137;79,68 %
tag:stardog:api:tr_e_ngt_hs_t;1;22138;79,68 %
tag:stardog:api:suzano_papel_e_celulose;1;22139;79,68 %
tag:stardog:api:ile_oju_ode;1;22140;79,69 %
tag:stardog:api:otoniel_oliveira;1;22141;79,69 %
tag:stardog:api:van_der_waals;1;22142;79,69 %
tag:stardog:api:nutyelle_oliveira;1;22143;79,70 %
tag:stardog:api:afrobrasilidade;1;22144;79,70 %
tag:stardog:api:tomas_de_aquino;1;22145;79,70 %
tag:stardog:api:lev_tolstoi;1;22146;79,71 %
tag:stardog:api:historiador_joaquim_osorio_duqueestrada;1;22147;79,71 %
tag:stardog:api:harriet_jacob;1;22148;79,71 %
tag:stardog:api:heloisa_helena_pimenta_rocha;1;22149;79,72 %
tag:stardog:api:levinas;1;22150;79,72 %
tag:stardog:api:jeiko_asy;1;22151;79,73 %
tag:stardog:api:insubmissas_lagrimas_de_mulheres;1;22152;79,73 %
tag:stardog:api:nangaritza;1;22153;79,73 %
tag:stardog:api:eunice_cariry;1;22154;79,74 %
tag:stardog:api:vasilha;1;22155;79,74 %
tag:stardog:api:paulo_jorge_linier;1;22156;79,74 %
tag:stardog:api:robert_schwarz;1;22157;79,75 %
tag:stardog:api:loranthaceae;1;22158;79,75 %
tag:stardog:api:familia_barros;1;22159;79,75 %
tag:stardog:api:koa_ko_tesareko_ojejapo;1;22160;79,76 %
tag:stardog:api:staphylococus;1;22161;79,76 %
tag:stardog:api:charles_sanders_pierce;1;22162;79,77 %
tag:stardog:api:jose_victorino_da_conceicao_anchieta;1;22163;79,77 %
tag:stardog:api:fletcher;1;22164;79,77 %
tag:stardog:api:borum;1;22165;79,78 %
tag:stardog:api:bezerra;1;22166;79,78 %
tag:stardog:api:costa_pinto__o;1;22167;79,78 %
tag:stardog:api:nascimentos;1;22168;79,79 %
tag:stardog:api:garcas__mt;1;22169;79,79 %
tag:stardog:api:coelho_liberali;1;22170;79,79 %
tag:stardog:api:luiz_justino;1;22171;79,80 %
tag:stardog:api:dom_jose_maria_pires;1;22172;79,80 %
tag:stardog:api:renato_almeida;1;22173;79,80 %
tag:stardog:api:patricio_teixeira;1;22174;79,81 %
tag:stardog:api:ada_jesuina_dos_santos;1;22175;79,81 %
tag:stardog:api:dom_joaquim;1;22176;79,82 %
tag:stardog:api:ama_mazama;1;22177;79,82 %
tag:stardog:api:sergio_do_nascimento_camargo;1;22178;79,82 %
tag:stardog:api:ronaldo_romulo_machado_de_almeida;1;22179;79,83 %
tag:stardog:api:vdrl;1;22180;79,83 %
tag:stardog:api:maria_augusta_bastos_de_mattos;1;22181;79,83 %
tag:stardog:api:rp1880;1;22182;79,84 %
tag:stardog:api:citrus_limon;1;22183;79,84 %
tag:stardog:api:amoroso;1;22184;79,84 %
tag:stardog:api:spinozas;1;22185;79,85 %
tag:stardog:api:inaicyra_dos_santos;1;22186;79,85 %
tag:stardog:api:jim_morrison;1;22187;79,86 %
tag:stardog:api:nyquist;1;22188;79,86 %
tag:stardog:api:ines_reis;1;22189;79,86 %
tag:stardog:api:santidades;1;22190;79,87 %
tag:stardog:api:hine;1;22191;79,87 %
tag:stardog:api:o_assuente;1;22192;79,87 %
tag:stardog:api:afonso_celso_scocuglia;1;22193;79,88 %
tag:stardog:api:e_santoro;1;22194;79,88 %
tag:stardog:api:edna_de_souza;1;22195;79,88 %
tag:stardog:api:ferreira_de_araujo;1;22196;79,89 %
tag:stardog:api:kendall;1;22197;79,89 %
tag:stardog:api:jackson;1;22198;79,89 %
tag:stardog:api:nicholson;1;22199;79,90 %
tag:stardog:api:julio_de_castilhos;1;22200;79,90 %
tag:stardog:api:carmichael;1;22201;79,91 %
tag:stardog:api:ana_fatima;1;22202;79,91 %
tag:stardog:api:helder_fialho_dias;1;22203;79,91 %
tag:stardog:api:luiza_lopes_da_silva;1;22204;79,92 %
tag:stardog:api:antoine_cournand;1;22205;79,92 %
tag:stardog:api:among_others;1;22206;79,92 %
tag:stardog:api:diogo_silva;1;22207;79,93 %
tag:stardog:api:sonia_queiroz;1;22208;79,93 %
tag:stardog:api:pedro_mosca;1;22209;79,93 %
tag:stardog:api:catao;1;22210;79,94 %
tag:stardog:api:micropygomyia_oswaldoi;1;22211;79,94 %
tag:stardog:api:na_pesquisa_de_campo;1;22212;79,95 %
tag:stardog:api:reason;1;22213;79,95 %
tag:stardog:api:roberto_cardoso_e_abel;1;22214;79,95 %
tag:stardog:api:irmandade_da_santa_casa_de_misericordia;1;22215;79,96 %
tag:stardog:api:assimilationism;1;22216;79,96 %
tag:stardog:api:originarias_padeciam_sob;1;22217;79,96 %
tag:stardog:api:genocindio;1;22218;79,97 %
tag:stardog:api:ipi;1;22219;79,97 %
tag:stardog:api:malerba;1;22220;79,97 %
tag:stardog:api:lendas_de_ex;1;22221;79,98 %
tag:stardog:api:sou_feia;1;22222;79,98 %
tag:stardog:api:ananas;1;22223;79,98 %
tag:stardog:api:romaine;1;22224;79,99 %
tag:stardog:api:depreendem;1;22225;79,99 %
tag:stardog:api:staphyloccocus;1;22226;80,00 %
tag:stardog:api:jose_roberto_linhares_de_mattos;1;22227;80,00 %
tag:stardog:api:mae_norinha_de_oxala;1;22228;80,00 %
tag:stardog:api:graciela_chamorro;1;22229;80,01 %
tag:stardog:api:olexandr_zhydenko;1;22230;80,01 %
tag:stardog:api:baron;1;22231;80,01 %
tag:stardog:api:tocqueville;1;22232;80,02 %
tag:stardog:api:monsieur_c_auguste_dupin;1;22233;80,02 %
tag:stardog:api:semiramis_paterno;1;22234;80,02 %
tag:stardog:api:eliane_potiguara_s_ethnopoetics;1;22235;80,03 %
tag:stardog:api:capi_talism;1;22236;80,03 %
tag:stardog:api:merriam;1;22237;80,04 %
tag:stardog:api:maria_clemencia;1;22238;80,04 %
tag:stardog:api:tematiza;1;22239;80,04 %
tag:stardog:api:wladimir_krysinski;1;22240;80,05 %
tag:stardog:api:suzane_costa;1;22241;80,05 %
tag:stardog:api:emilio_de_menezes;1;22242;80,05 %
tag:stardog:api:luiz_bokanha;1;22243;80,06 %
tag:stardog:api:decameron_indigena;1;22244;80,06 %
tag:stardog:api:vittoria;1;22245;80,06 %
tag:stardog:api:pineiro;1;22246;80,07 %
tag:stardog:api:parintinenses;1;22247;80,07 %
tag:stardog:api:paul_e_little;1;22248;80,07 %
tag:stardog:api:ismael_ivo;1;22249;80,08 %
tag:stardog:api:ato_das_disposicoes_constitucionais_transitorias;1;22250;80,08 %
tag:stardog:api:marechal_joao_baptista_de_mattos;1;22251;80,09 %
tag:stardog:api:adolfo_aizen;1;22252;80,09 %
tag:stardog:api:julio_borges;1;22253;80,09 %
tag:stardog:api:hughes;1;22254;80,10 %
tag:stardog:api:poemas;1;22255;80,10 %
tag:stardog:api:carlos_serrano;1;22256;80,10 %
tag:stardog:api:coletiva;1;22257;80,11 %
tag:stardog:api:john_berry;1;22258;80,11 %
tag:stardog:api:nilza_de_ode;1;22259;80,11 %
tag:stardog:api:nada_digo_de_ti;1;22260;80,12 %
tag:stardog:api:capitao_domingos_alves_branco_muniz_barreto;1;22261;80,12 %
tag:stardog:api:nhanerakatey_ava;1;22262;80,13 %
tag:stardog:api:jonatas_conceicao;1;22263;80,13 %
tag:stardog:api:paul_broca;1;22264;80,13 %
tag:stardog:api:dona_nair;1;22265;80,14 %
tag:stardog:api:morus_nigra_l;1;22266;80,14 %
tag:stardog:api:silvia_cristina_puxcwyj;1;22267;80,14 %
tag:stardog:api:exercito_brasileiro;1;22268;80,15 %
tag:stardog:api:vera_follain_de_figueiredo;1;22269;80,15 %
tag:stardog:api:francisco_jose_viveiros_de_castro;1;22270;80,15 %
tag:stardog:api:brian_v_street;1;22271;80,16 %
tag:stardog:api:antonio_da_silva_awa;1;22272;80,16 %
tag:stardog:api:martins_et_al;1;22273;80,16 %
tag:stardog:api:stanley_robson_de_medeiros_oliveira;1;22274;80,17 %
tag:stardog:api:de_saude;1;22275;80,17 %
tag:stardog:api:eaglaton1997;1;22276;80,18 %
tag:stardog:api:amelia_rodrigues;1;22277;80,18 %
tag:stardog:api:caio_lazaneo;1;22278;80,18 %
tag:stardog:api:invisivilidade;1;22279;80,19 %
tag:stardog:api:tlr4;1;22280;80,19 %
tag:stardog:api:elisa_yoshie;1;22281;80,19 %
tag:stardog:api:greta_marchetti;1;22282;80,20 %
tag:stardog:api:sandro_luckmann;1;22283;80,20 %
tag:stardog:api:gonzaguinha;1;22284;80,20 %
tag:stardog:api:luther;1;22285;80,21 %
tag:stardog:api:jaques_ranciere;1;22286;80,21 %
tag:stardog:api:contramestre_jean_sarara;1;22287;80,22 %
tag:stardog:api:achilles_mbembes;1;22288;80,22 %
tag:stardog:api:jesuinos;1;22289;80,22 %
tag:stardog:api:bland__altman;1;22290;80,23 %
tag:stardog:api:perico;1;22291;80,23 %
tag:stardog:api:sara_karika_sales;1;22292;80,23 %
tag:stardog:api:rodrigo_melo_franco_de_andrade;1;22293;80,24 %
tag:stardog:api:nerers;1;22294;80,24 %
tag:stardog:api:who_are_becoming_more_demanding;1;22295;80,24 %
tag:stardog:api:diego_de_lepe;1;22296;80,25 %
tag:stardog:api:mat;1;22297;80,25 %
tag:stardog:api:osmundo_pinho;1;22298;80,25 %
tag:stardog:api:pedagogias_decoloniais;1;22299;80,26 %
tag:stardog:api:cardenuto;1;22300;80,26 %
tag:stardog:api:rcnei;1;22301;80,27 %
tag:stardog:api:marabaix;1;22302;80,27 %
tag:stardog:api:introducao_aos_estudos_de_literatura;1;22303;80,27 %
tag:stardog:api:domingos_de_sousa;1;22304;80,28 %
tag:stardog:api:nit;1;22305;80,28 %
tag:stardog:api:consuelo_dores;1;22306;80,28 %
tag:stardog:api:meu_tamanho;1;22307;80,29 %
tag:stardog:api:john_ruggie;1;22308;80,29 %
tag:stardog:api:cunha_e_reis;1;22309;80,29 %
tag:stardog:api:nazareth_e_reis;1;22310;80,30 %
tag:stardog:api:armando_ribeiro_goncalves_reservoir;1;22311;80,30 %
tag:stardog:api:cuniculus_paca;1;22312;80,31 %
tag:stardog:api:nonkayapo;1;22313;80,31 %
tag:stardog:api:trichomonas;1;22314;80,31 %
tag:stardog:api:ernani_fiori;1;22315;80,32 %
tag:stardog:api:manuel_jacinto_sarmento;1;22316;80,32 %
tag:stardog:api:andrea_sulzc;1;22317;80,32 %
tag:stardog:api:fulvia_rosenberg;1;22318;80,33 %
tag:stardog:api:macuxi_jaider_esbell;1;22319;80,33 %
tag:stardog:api:eliakin_rufino;1;22320;80,33 %
tag:stardog:api:dr_demetrio_gaspari_cirne;1;22321;80,34 %
tag:stardog:api:vasconcelos__marin;1;22322;80,34 %
tag:stardog:api:lilian_florez;1;22323;80,34 %
tag:stardog:api:gayatri_spyvak;1;22324;80,35 %
tag:stardog:api:procurouse;1;22325;80,35 %
tag:stardog:api:baron_melgaco;1;22326;80,36 %
tag:stardog:api:jaime_cortesao;1;22327;80,36 %
tag:stardog:api:uterocabaca;1;22328;80,36 %
tag:stardog:api:bebidas_obtidas_pela;1;22329;80,37 %
tag:stardog:api:phaeotabanus_cajennensis;1;22330;80,37 %
tag:stardog:api:the_vazante_plinthosol;1;22331;80,37 %
tag:stardog:api:andreia;1;22332;80,38 %
tag:stardog:api:janis;1;22333;80,38 %
tag:stardog:api:godson;1;22334;80,38 %
tag:stardog:api:hrhpv;1;22335;80,39 %
tag:stardog:api:evgueny_zamiatin;1;22336;80,39 %
tag:stardog:api:jejapo_jeguata;1;22337;80,40 %
tag:stardog:api:joana_flores;1;22338;80,40 %
tag:stardog:api:jakobson;1;22339;80,40 %
tag:stardog:api:lilian_schwarcz;1;22340;80,41 %
tag:stardog:api:richard_wright;1;22341;80,41 %
tag:stardog:api:albertina_mitjans_martinez;1;22342;80,41 %
tag:stardog:api:c_langsdorffii;1;22343;80,42 %
tag:stardog:api:armando_leao_ferreira;1;22344;80,42 %
tag:stardog:api:tarso_de_melo;1;22345;80,42 %
tag:stardog:api:cicero_pereira_dos_santos;1;22346;80,43 %
tag:stardog:api:elane_bastos_de_souza;1;22347;80,43 %
tag:stardog:api:heta_vaekuery;1;22348;80,43 %
tag:stardog:api:tereza_conceicao_de_arruda;1;22349;80,44 %
tag:stardog:api:andre_martinet;1;22350;80,44 %
tag:stardog:api:paula_barbalho_de_vasconcelos;1;22351;80,45 %
tag:stardog:api:florentino_jose_nogueira;1;22352;80,45 %
tag:stardog:api:rolande;1;22353;80,45 %
tag:stardog:api:profa_dra_lucia_peixoto;1;22354;80,46 %
tag:stardog:api:francisco_antonio_de_oliveira;1;22355;80,46 %
tag:stardog:api:kuera_rehehape_oiva;1;22356;80,46 %
tag:stardog:api:christopher_alexander;1;22357;80,47 %
tag:stardog:api:eleonore_zulnara_freire_setz;1;22358;80,47 %
tag:stardog:api:relacionadas_as;1;22359;80,47 %
tag:stardog:api:pajelanca_maranhaos;1;22360;80,48 %
tag:stardog:api:kagwahiva;1;22361;80,48 %
tag:stardog:api:pietro_costa;1;22362;80,49 %
tag:stardog:api:kaingang_apucaraninha;1;22363;80,49 %
tag:stardog:api:tinhorao;1;22364;80,49 %
tag:stardog:api:atheneu;1;22365;80,50 %
tag:stardog:api:juan_leon_mera;1;22366;80,50 %
tag:stardog:api:janete_lainha_coelho;1;22367;80,50 %
tag:stardog:api:nanicao;1;22368;80,51 %
tag:stardog:api:wimmer;1;22369;80,51 %
tag:stardog:api:paulo_santiago;1;22370;80,51 %
tag:stardog:api:cosmetica_da_fome;1;22371;80,52 %
tag:stardog:api:mary_russos;1;22372;80,52 %
tag:stardog:api:para_alcancar;1;22373;80,52 %
tag:stardog:api:frederick_douglas;1;22374;80,53 %
tag:stardog:api:moita_lopes_et_al;1;22375;80,53 %
tag:stardog:api:omotunde;1;22376;80,54 %
tag:stardog:api:700o_c;1;22377;80,54 %
tag:stardog:api:polycentrus_muller;1;22378;80,54 %
tag:stardog:api:marie_dembour;1;22379;80,55 %
tag:stardog:api:isabel_cristina_jasinski;1;22380;80,55 %
tag:stardog:api:edenice_fraga;1;22381;80,55 %
tag:stardog:api:n_k_fairbank_company;1;22382;80,56 %
tag:stardog:api:cumba_master3;1;22383;80,56 %
tag:stardog:api:joly_martine;1;22384;80,56 %
tag:stardog:api:regras_minimas_de_tratamento_de_presas;1;22385;80,57 %
tag:stardog:api:texto_magno;1;22386;80,57 %
tag:stardog:api:georges_bataille;1;22387;80,58 %
tag:stardog:api:sete_barras;1;22388;80,58 %
tag:stardog:api:sabina_loriga;1;22389;80,58 %
tag:stardog:api:maria_jose_bergia;1;22390;80,59 %
tag:stardog:api:naoindigena;1;22391;80,59 %
tag:stardog:api:fanon1968;1;22392;80,59 %
tag:stardog:api:ngunga_bavo;1;22393;80,60 %
tag:stardog:api:cris_ventura;1;22394;80,60 %
tag:stardog:api:g542x;1;22395;80,60 %
tag:stardog:api:tawande;1;22396;80,61 %
tag:stardog:api:transitoria_numa_conjuntura_das_relacoes;1;22397;80,61 %
tag:stardog:api:the_guarani_karai_kuery_indigenous_state_college;1;22398;80,61 %
tag:stardog:api:benjamin_1987;1;22399;80,62 %
tag:stardog:api:aldeias3;1;22400;80,62 %
tag:stardog:api:frente_negra;1;22401;80,63 %
tag:stardog:api:rosa_luna;1;22402;80,63 %
tag:stardog:api:flecha;1;22403;80,63 %
tag:stardog:api:mangabal;1;22404;80,64 %
tag:stardog:api:heitor_villa_lobos;1;22405;80,64 %
tag:stardog:api:rolon;1;22406;80,64 %
tag:stardog:api:roderick_j_barman;1;22407;80,65 %
tag:stardog:api:apiano;1;22408;80,65 %
tag:stardog:api:academicos;1;22409;80,65 %
tag:stardog:api:gaytri_c_spivak;1;22410;80,66 %
tag:stardog:api:frica;1;22411;80,66 %
tag:stardog:api:aldeia_brejao;1;22412;80,67 %
tag:stardog:api:robert_garner;1;22413;80,67 %
tag:stardog:api:black_terreiros;1;22414;80,67 %
tag:stardog:api:agroecologica;1;22415;80,68 %
tag:stardog:api:tatiane_brugnerotto_conselvan;1;22416;80,68 %
tag:stardog:api:manuel_ferreira;1;22417;80,68 %
tag:stardog:api:erica_pecanha;1;22418;80,69 %
tag:stardog:api:isidore;1;22419;80,69 %
tag:stardog:api:haddad;1;22420;80,69 %
tag:stardog:api:sociolinguistica;1;22421;80,70 %
tag:stardog:api:bernardes;1;22422;80,70 %
tag:stardog:api:lucas_da_feira;1;22423;80,70 %
tag:stardog:api:camilla_de_lucas;1;22424;80,71 %
tag:stardog:api:debrucarsea;1;22425;80,71 %
tag:stardog:api:kardec;1;22426;80,72 %
tag:stardog:api:urubu_branco_mt;1;22427;80,72 %
tag:stardog:api:reger;1;22428;80,72 %
tag:stardog:api:kurt_danziger;1;22429;80,73 %
tag:stardog:api:kiselev;1;22430;80,73 %
tag:stardog:api:senhor_bonfim;1;22431;80,73 %
tag:stardog:api:nhemoin_avi_peixa_teko_jaexayn_va;1;22432;80,74 %
tag:stardog:api:the_apinaye_people;1;22433;80,74 %
tag:stardog:api:brito_filho;1;22434;80,74 %
tag:stardog:api:calorimetria_diferencial_de_varredura;1;22435;80,75 %
tag:stardog:api:montaigne;1;22436;80,75 %
tag:stardog:api:shenipaby_miyui;1;22437;80,76 %
tag:stardog:api:professor_dr_jamil_cabral_sierra;1;22438;80,76 %
tag:stardog:api:anishinaabe_gerald_vizenor;1;22439;80,76 %
tag:stardog:api:burley;1;22440;80,77 %
tag:stardog:api:mae_omin;1;22441;80,77 %
tag:stardog:api:ogum_rompe_mato;1;22442;80,77 %
tag:stardog:api:devi_gita;1;22443;80,78 %
tag:stardog:api:e_pellita;1;22444;80,78 %
tag:stardog:api:vasquez;1;22445;80,78 %
tag:stardog:api:dcnerer;1;22446;80,79 %
tag:stardog:api:pedro_de_valdivia;1;22447;80,79 %
tag:stardog:api:del;1;22448;80,79 %
tag:stardog:api:francisco_curt_lange;1;22449;80,80 %
tag:stardog:api:ciclos_de_politicas;1;22450;80,80 %
tag:stardog:api:michel_callon;1;22451;80,81 %
tag:stardog:api:dono;1;22452;80,81 %
tag:stardog:api:miss_marvel;1;22453;80,81 %
tag:stardog:api:george_herbert_mead;1;22454;80,82 %
tag:stardog:api:sonrisal;1;22455;80,82 %
tag:stardog:api:jose_vandilo;1;22456;80,82 %
tag:stardog:api:pauls;1;22457;80,83 %
tag:stardog:api:para_incorporalos_aos;1;22458;80,83 %
tag:stardog:api:francisco_de_orellana;1;22459;80,83 %
tag:stardog:api:reunidas_de_cachoeira_rica;1;22460;80,84 %
tag:stardog:api:luiz_limeira;1;22461;80,84 %
tag:stardog:api:gaussian;1;22462;80,85 %
tag:stardog:api:jorge_isaacs;1;22463;80,85 %
tag:stardog:api:jurgen_habermans;1;22464;80,85 %
tag:stardog:api:omombeu_petei;1;22465;80,86 %
tag:stardog:api:py_ma;1;22466;80,86 %
tag:stardog:api:tibirica;1;22467;80,86 %
tag:stardog:api:raimundo_monteiro;1;22468;80,87 %
tag:stardog:api:barbarisms;1;22469;80,87 %
tag:stardog:api:paulino_soares_de_sousa_filho;1;22470;80,87 %
tag:stardog:api:filemon;1;22471;80,88 %
tag:stardog:api:mauricio_chalfin_coutinho;1;22472;80,88 %
tag:stardog:api:belmiro;1;22473;80,88 %
tag:stardog:api:yanomam;1;22474;80,89 %
tag:stardog:api:trancando_historias;1;22475;80,89 %
tag:stardog:api:arthur_ramos;1;22476;80,90 %
tag:stardog:api:shirley_djukurna_krenak;1;22477;80,90 %
tag:stardog:api:kaimer_dolmos;1;22478;80,90 %
tag:stardog:api:kelly_oliveira;1;22479;80,91 %
tag:stardog:api:alejo_carpentier;1;22480;80,91 %
tag:stardog:api:hae_vae_mbyte_rupi_ma;1;22481;80,91 %
tag:stardog:api:folkman;1;22482;80,92 %
tag:stardog:api:carlos_libaneo;1;22483;80,92 %
tag:stardog:api:fusco;1;22484;80,92 %
tag:stardog:api:lourenco_borges;1;22485;80,93 %
tag:stardog:api:praca_onze;1;22486;80,93 %
tag:stardog:api:roosevelt;1;22487;80,94 %
tag:stardog:api:ayres_memorial;1;22488;80,94 %
tag:stardog:api:adin;1;22489;80,94 %
tag:stardog:api:p_digitatum;1;22490;80,95 %
tag:stardog:api:rossana_reguillo;1;22491;80,95 %
tag:stardog:api:c_penicillata;1;22492;80,95 %
tag:stardog:api:luzia_gomes_de_azevedo;1;22493;80,96 %
tag:stardog:api:prudente;1;22494;80,96 %
tag:stardog:api:pam4;1;22495;80,96 %
tag:stardog:api:alfredo_boulus_junior;1;22496;80,97 %
tag:stardog:api:decree;1;22497;80,97 %
tag:stardog:api:luria;1;22498;80,97 %
tag:stardog:api:duqueestrada;1;22499;80,98 %
tag:stardog:api:alexandre_gomide;1;22500;80,98 %
tag:stardog:api:ajn;1;22501;80,99 %
tag:stardog:api:origempercursodestino;1;22502;80,99 %
tag:stardog:api:ellis_mc;1;22503;80,99 %
tag:stardog:api:colecao_anibal_mattos;1;22504;81,00 %
tag:stardog:api:porter;1;22505;81,00 %
tag:stardog:api:flavia_biroli;1;22506;81,00 %
tag:stardog:api:edson_cardoso;1;22507;81,01 %
tag:stardog:api:kumati;1;22508;81,01 %
tag:stardog:api:leonce_de_manouvrier;1;22509;81,01 %
tag:stardog:api:juana_elbein;1;22510;81,02 %
tag:stardog:api:afrodescendent_culture;1;22511;81,02 %
tag:stardog:api:dangelis_e_silva;1;22512;81,03 %
tag:stardog:api:astyanax_sp;1;22513;81,03 %
tag:stardog:api:manifestacoes_politicas;1;22514;81,03 %
tag:stardog:api:h_seriatus;1;22515;81,04 %
tag:stardog:api:fernando_hernandez;1;22516;81,04 %
tag:stardog:api:tenente_coronel_fernando_luis_ferreira;1;22517;81,04 %
tag:stardog:api:estado_pluricultural;1;22518;81,05 %
tag:stardog:api:l_infantum;1;22519;81,05 %
tag:stardog:api:munaga;1;22520;81,05 %
tag:stardog:api:alchornea_triplinervia;1;22521;81,06 %
tag:stardog:api:regina_maria_przybycien;1;22522;81,06 %
tag:stardog:api:eugenia_dysenterica;1;22523;81,06 %
tag:stardog:api:anteriormente_pouco_povoada;1;22524;81,07 %
tag:stardog:api:comissao_de_juristas;1;22525;81,07 %
tag:stardog:api:molefe_kete_asante;1;22526;81,08 %
tag:stardog:api:escravismo;1;22527;81,08 %
tag:stardog:api:substancia_negra;1;22528;81,08 %
tag:stardog:api:dona_neiva;1;22529;81,09 %
tag:stardog:api:det_svarte_alvor;1;22530;81,09 %
tag:stardog:api:carla_akotirena;1;22531;81,09 %
tag:stardog:api:rai_campos;1;22532;81,10 %
tag:stardog:api:santiago_et_al;1;22533;81,10 %
tag:stardog:api:anh_hua;1;22534;81,10 %
tag:stardog:api:m_oleifera;1;22535;81,11 %
tag:stardog:api:bebbington;1;22536;81,11 %
tag:stardog:api:diario_da_tarde;1;22537;81,12 %
tag:stardog:api:graca_ramos;1;22538;81,12 %
tag:stardog:api:gustavia_augusta;1;22539;81,12 %
tag:stardog:api:zanetinni_arqueologia;1;22540;81,13 %
tag:stardog:api:os_capitulos_tratam_da_diretoria;1;22541;81,13 %
tag:stardog:api:antoin_artaud_s;1;22542;81,13 %
tag:stardog:api:s1s0;1;22543;81,14 %
tag:stardog:api:engenheiro_pedreira;1;22544;81,14 %
tag:stardog:api:ojepuru_ko_mbaapope;1;22545;81,14 %
tag:stardog:api:correspondiam;1;22546;81,15 %
tag:stardog:api:magazines;1;22547;81,15 %
tag:stardog:api:de_aldeias;1;22548;81,15 %
tag:stardog:api:antiedipo;1;22549;81,16 %
tag:stardog:api:francis_galton;1;22550;81,16 %
tag:stardog:api:theold;1;22551;81,17 %
tag:stardog:api:eduardo_miranda;1;22552;81,17 %
tag:stardog:api:luiz_francisco_dias;1;22553;81,17 %
tag:stardog:api:paul_little;1;22554;81,18 %
tag:stardog:api:dona_inespb;1;22555;81,18 %
tag:stardog:api:denilson_trindade_douglas;1;22556;81,18 %
tag:stardog:api:n1303k;1;22557;81,19 %
tag:stardog:api:chiquitanas;1;22558;81,19 %
tag:stardog:api:figueiredo_m;1;22559;81,19 %
tag:stardog:api:biografia_e_trajetorias;1;22560;81,20 %
tag:stardog:api:mercutio;1;22561;81,20 %
tag:stardog:api:logica;1;22562;81,21 %
tag:stardog:api:priscila_da_cunha;1;22563;81,21 %
tag:stardog:api:pablo_helguera;1;22564;81,21 %
tag:stardog:api:alexandre_pitta;1;22565;81,22 %
tag:stardog:api:maria_odilia_teixeira;1;22566;81,22 %
tag:stardog:api:delgado_martins1992barbosa;1;22567;81,22 %
tag:stardog:api:vhera_poty;1;22568;81,23 %
tag:stardog:api:caramelo;1;22569;81,23 %
tag:stardog:api:karaja_iny;1;22570;81,23 %
tag:stardog:api:kyringue_arandua;1;22571;81,24 %
tag:stardog:api:arias;1;22572;81,24 %
tag:stardog:api:aline_barbosa;1;22573;81,24 %
tag:stardog:api:iris_marion_young;1;22574;81,25 %
tag:stardog:api:akroa_gamella;1;22575;81,25 %
tag:stardog:api:louk_hulsman_s;1;22576;81,26 %
tag:stardog:api:design_basedresearch;1;22577;81,26 %
tag:stardog:api:jenipapokaninde;1;22578;81,26 %
tag:stardog:api:confucio;1;22579;81,27 %
tag:stardog:api:montserrat_guibernau;1;22580;81,27 %
tag:stardog:api:freire2005;1;22581;81,27 %
tag:stardog:api:the_torcidas_organizadas;1;22582;81,28 %
tag:stardog:api:susan_neiman;1;22583;81,28 %
tag:stardog:api:sherley_anne_williams;1;22584;81,28 %
tag:stardog:api:fusarium;1;22585;81,29 %
tag:stardog:api:dirijo;1;22586;81,29 %
tag:stardog:api:edson_carneiro;1;22587;81,29 %
tag:stardog:api:graviton;1;22588;81,30 %
tag:stardog:api:acacia;1;22589;81,30 %
tag:stardog:api:jose_da_silva_lisboa;1;22590;81,31 %
tag:stardog:api:richard_avedon;1;22591;81,31 %
tag:stardog:api:regard;1;22592;81,31 %
tag:stardog:api:benjamin_constantam;1;22593;81,32 %
tag:stardog:api:estudo_da_sua_proposta_politica_e_o;1;22594;81,32 %
tag:stardog:api:herbert_blumer;1;22595;81,32 %
tag:stardog:api:tom_regan_s;1;22596;81,33 %
tag:stardog:api:de_certificacao;1;22597;81,33 %
tag:stardog:api:pecheux_na_analise_do_discurso;1;22598;81,33 %
tag:stardog:api:kurupi;1;22599;81,34 %
tag:stardog:api:vocause;1;22600;81,34 %
tag:stardog:api:jose_gomez;1;22601;81,35 %
tag:stardog:api:depasquale;1;22602;81,35 %
tag:stardog:api:quisquare;1;22603;81,35 %
tag:stardog:api:ometto;1;22604;81,36 %
tag:stardog:api:dure_aibo;1;22605;81,36 %
tag:stardog:api:oikoa_va;1;22606;81,36 %
tag:stardog:api:sarney;1;22607;81,37 %
tag:stardog:api:dom_pedro;1;22608;81,37 %
tag:stardog:api:eusebio_de_queiroz;1;22609;81,37 %
tag:stardog:api:medio_irineu_joffily;1;22610;81,38 %
tag:stardog:api:xan_ravelli;1;22611;81,38 %
tag:stardog:api:joao_tarcisio;1;22612;81,38 %
tag:stardog:api:philippe_dubois;1;22613;81,39 %
tag:stardog:api:juventude_viva;1;22614;81,39 %
tag:stardog:api:bassett;1;22615;81,40 %
tag:stardog:api:patrick_chabal;1;22616;81,40 %
tag:stardog:api:jeca_e_seu_filho_preto;1;22617;81,40 %
tag:stardog:api:ironizadas;1;22618;81,41 %
tag:stardog:api:suplementacao_concentrada;1;22619;81,41 %
tag:stardog:api:kraiprehidtekwa;1;22620;81,41 %
tag:stardog:api:ambriz;1;22621;81,42 %
tag:stardog:api:abrahams;1;22622;81,42 %
tag:stardog:api:antonio_mierles_sandoval;1;22623;81,42 %
tag:stardog:api:maria_antonia_martins_galeazzi;1;22624;81,43 %
tag:stardog:api:coronel_jose_pinto_de_abreu;1;22625;81,43 %
tag:stardog:api:branca;1;22626;81,44 %
tag:stardog:api:maria_luiza_marcelino;1;22627;81,44 %
tag:stardog:api:josephine_baker;1;22628;81,44 %
tag:stardog:api:campbell_cr1000;1;22629;81,45 %
tag:stardog:api:jeanfrancois_lyotard;1;22630;81,45 %
tag:stardog:api:possivel_acompanhar;1;22631;81,45 %
tag:stardog:api:the_kamaiura;1;22632;81,46 %
tag:stardog:api:helena;1;22633;81,46 %
tag:stardog:api:lilia_moritz_shwarcz;1;22634;81,46 %
tag:stardog:api:blick;1;22635;81,47 %
tag:stardog:api:carter;1;22636;81,47 %
tag:stardog:api:amancio;1;22637;81,47 %
tag:stardog:api:thissitewas;1;22638;81,48 %
tag:stardog:api:fronteiras_guaranis;1;22639;81,48 %
tag:stardog:api:profa_dra_claudia_madruga_cunha;1;22640;81,49 %
tag:stardog:api:fracao_atribuivel_populacional;1;22641;81,49 %
tag:stardog:api:queiroz_galvao;1;22642;81,49 %
tag:stardog:api:terecozeiros;1;22643;81,50 %
tag:stardog:api:esteban;1;22644;81,50 %
tag:stardog:api:serge_doubrovsky;1;22645;81,50 %
tag:stardog:api:kyringue_mborai;1;22646;81,51 %
tag:stardog:api:carmen_junqueira;1;22647;81,51 %
tag:stardog:api:kunangue_aty;1;22648;81,51 %
tag:stardog:api:jorge_dubatti;1;22649;81,52 %
tag:stardog:api:antonia_socorro_da;1;22650;81,52 %
tag:stardog:api:tiffin;1;22651;81,53 %
tag:stardog:api:da_provincia_da_bahia;1;22652;81,53 %
tag:stardog:api:elaine_cristina_de_oliveira_menezes;1;22653;81,53 %
tag:stardog:api:africanidadese;1;22654;81,54 %
tag:stardog:api:cd68;1;22655;81,54 %
tag:stardog:api:c_l_r_james;1;22656;81,54 %
tag:stardog:api:antonio_pequeno;1;22657;81,55 %
tag:stardog:api:halitiparesi;1;22658;81,55 %
tag:stardog:api:adrianos;1;22659;81,55 %
tag:stardog:api:iku;1;22660;81,56 %
tag:stardog:api:andrea_medeiros;1;22661;81,56 %
tag:stardog:api:aqui_tem;1;22662;81,56 %
tag:stardog:api:itseeks;1;22663;81,57 %
tag:stardog:api:igor_simoes;1;22664;81,57 %
tag:stardog:api:oscips;1;22665;81,58 %
tag:stardog:api:deodoro_da_fonseca;1;22666;81,58 %
tag:stardog:api:foi_possivel;1;22667;81,58 %
tag:stardog:api:yapey;1;22668;81,59 %
tag:stardog:api:cassupa;1;22669;81,59 %
tag:stardog:api:kbela;1;22670;81,59 %
tag:stardog:api:maria_rita_de_albuquerque_mello;1;22671;81,60 %
tag:stardog:api:yxapy;1;22672;81,60 %
tag:stardog:api:aspidosperma;1;22673;81,60 %
tag:stardog:api:alexandro_dantas_trindade;1;22674;81,61 %
tag:stardog:api:volney_nazareno;1;22675;81,61 %
tag:stardog:api:crenshan;1;22676;81,62 %
tag:stardog:api:souza_lima;1;22677;81,62 %
tag:stardog:api:antrosolo;1;22678;81,62 %
tag:stardog:api:oliveira_lima;1;22679;81,63 %
tag:stardog:api:joana_angelica;1;22680;81,63 %
tag:stardog:api:nubia_gomes_pereira;1;22681;81,63 %
tag:stardog:api:jose_geraldo_wanderley_marques;1;22682;81,64 %
tag:stardog:api:regina;1;22683;81,64 %
tag:stardog:api:theassertion_ofequalitystufffrom;1;22684;81,64 %
tag:stardog:api:dendocarbin_l;1;22685;81,65 %
tag:stardog:api:liliana_de_mendonca_porto;1;22686;81,65 %
tag:stardog:api:francisco_garcia_calderon;1;22687;81,65 %
tag:stardog:api:robert_hermann_schomburgk;1;22688;81,66 %
tag:stardog:api:votouro_kandoia;1;22689;81,66 %
tag:stardog:api:thiffany_odara;1;22690;81,67 %
tag:stardog:api:luis_nicolau_pares;1;22691;81,67 %
tag:stardog:api:mboehao_tekoha;1;22692;81,67 %
tag:stardog:api:dr_rodrigo_rodriguez_tavares;1;22693;81,68 %
tag:stardog:api:entrava_pelo;1;22694;81,68 %
tag:stardog:api:paulo_state;1;22695;81,68 %
tag:stardog:api:jose_joaquim_miranda;1;22696;81,69 %
tag:stardog:api:jonathan_crary;1;22697;81,69 %
tag:stardog:api:deignan;1;22698;81,69 %
tag:stardog:api:d_miuda;1;22699;81,70 %
tag:stardog:api:aedes_aegypti_larvae;1;22700;81,70 %
tag:stardog:api:colonia_miranda;1;22701;81,71 %
tag:stardog:api:casa_de_alvenaria;1;22702;81,71 %
tag:stardog:api:nivea_andrade;1;22703;81,71 %
tag:stardog:api:maurice_duverger;1;22704;81,72 %
tag:stardog:api:umbric_ferralsols;1;22705;81,72 %
tag:stardog:api:narcissus;1;22706;81,72 %
tag:stardog:api:descarte_de_agua_durante_o;1;22707;81,73 %
tag:stardog:api:menga;1;22708;81,73 %
tag:stardog:api:elisa_lucindas;1;22709;81,73 %
tag:stardog:api:carlos_alfredo_joly;1;22710;81,74 %
tag:stardog:api:palacin;1;22711;81,74 %
tag:stardog:api:highway;1;22712;81,74 %
tag:stardog:api:ginzburgs;1;22713;81,75 %
tag:stardog:api:roberto_pires;1;22714;81,75 %
tag:stardog:api:bandeiras;1;22715;81,76 %
tag:stardog:api:teia;1;22716;81,76 %
tag:stardog:api:nas_tangas;1;22717;81,76 %
tag:stardog:api:richard_price;1;22718;81,77 %
tag:stardog:api:educacaocinema;1;22719;81,77 %
tag:stardog:api:kathryn_stocketts;1;22720;81,77 %
tag:stardog:api:arlete_moyses_rodrigues;1;22721;81,78 %
tag:stardog:api:feres_jr;1;22722;81,78 %
tag:stardog:api:creas_diadema;1;22723;81,78 %
tag:stardog:api:schollhammer;1;22724;81,79 %
tag:stardog:api:lazarus;1;22725;81,79 %
tag:stardog:api:solomon_northup;1;22726;81,80 %
tag:stardog:api:neusa;1;22727;81,80 %
tag:stardog:api:ba_hampate;1;22728;81,80 %
tag:stardog:api:renata_lima_e_silva;1;22729;81,81 %
tag:stardog:api:umariacu_i;1;22730;81,81 %
tag:stardog:api:guacira_bay;1;22731;81,81 %
tag:stardog:api:sucupira_plataform;1;22732;81,82 %
tag:stardog:api:comentario;1;22733;81,82 %
tag:stardog:api:valorizaram;1;22734;81,82 %
tag:stardog:api:dalbergia_hortensis_heringer;1;22735;81,83 %
tag:stardog:api:gaurapuava;1;22736;81,83 %
tag:stardog:api:seculo_xx;1;22737;81,83 %
tag:stardog:api:izaque_joao;1;22738;81,84 %
tag:stardog:api:s_oblata;1;22739;81,84 %
tag:stardog:api:pintomyia_fischeri;1;22740;81,85 %
tag:stardog:api:clostridial;1;22741;81,85 %
tag:stardog:api:guimaraes_neto;1;22742;81,85 %
tag:stardog:api:impelidas;1;22743;81,86 %
tag:stardog:api:marisa_vorraber_costa;1;22744;81,86 %
tag:stardog:api:seguridade_social;1;22745;81,86 %
tag:stardog:api:cobra_mansa;1;22746;81,87 %
tag:stardog:api:assistat;1;22747;81,87 %
tag:stardog:api:ari_fernando;1;22748;81,87 %
tag:stardog:api:zinco;1;22749;81,88 %
tag:stardog:api:tata_rekovy_oexauka_tenondera;1;22750;81,88 %
tag:stardog:api:barra_de_gramame;1;22751;81,89 %
tag:stardog:api:scipio_sighele;1;22752;81,89 %
tag:stardog:api:gir;1;22753;81,89 %
tag:stardog:api:pedro_iii;1;22754;81,90 %
tag:stardog:api:annona_rugulosa;1;22755;81,90 %
tag:stardog:api:fernando_carvalho;1;22756;81,90 %
tag:stardog:api:maria_rosenses;1;22757;81,91 %
tag:stardog:api:joao_de_camargos;1;22758;81,91 %
tag:stardog:api:arua_pataxo;1;22759;81,91 %
tag:stardog:api:imbolo_mbue;1;22760;81,92 %
tag:stardog:api:mtodo;1;22761;81,92 %
tag:stardog:api:bactris_gasipaes_kunth;1;22762;81,92 %
tag:stardog:api:zamboni;1;22763;81,93 %
tag:stardog:api:laure_marielouise_clemence;1;22764;81,93 %
tag:stardog:api:formado_pelo;1;22765;81,94 %
tag:stardog:api:antonio_olinto;1;22766;81,94 %
tag:stardog:api:fernando_gonzalez_rey;1;22767;81,94 %
tag:stardog:api:periodo_arqueano;1;22768;81,95 %
tag:stardog:api:ehrenreich;1;22769;81,95 %
tag:stardog:api:silencio_de_michael_pollak;1;22770;81,95 %
tag:stardog:api:castiano;1;22771;81,96 %
tag:stardog:api:rebola;1;22772;81,96 %
tag:stardog:api:benjamin_graham;1;22773;81,96 %
tag:stardog:api:afropessimism;1;22774;81,97 %
tag:stardog:api:alba_krishna_topan_feldman;1;22775;81,97 %
tag:stardog:api:memorias_coletivas;1;22776;81,98 %
tag:stardog:api:thomaz_de_almeida__mura;1;22777;81,98 %
tag:stardog:api:willy_aureli;1;22778;81,98 %
tag:stardog:api:fritz_schutze;1;22779;81,99 %
tag:stardog:api:sporobolomyces;1;22780;81,99 %
tag:stardog:api:edmundo_malachias_de_almeida_lisboa;1;22781;81,99 %
tag:stardog:api:argentina_chiriboga;1;22782;82,00 %
tag:stardog:api:transversalizante;1;22783;82,00 %
tag:stardog:api:bonilla;1;22784;82,00 %
tag:stardog:api:irmandade_de_nossa_senhora_do_rosario_dos_homens_pretos_do_recife;1;22785;82,01 %
tag:stardog:api:enterotoxemia;1;22786;82,01 %
tag:stardog:api:harald_schultz;1;22787;82,01 %
tag:stardog:api:psicologia_semioticocultural;1;22788;82,02 %
tag:stardog:api:fotoluminescencia;1;22789;82,02 %
tag:stardog:api:lucelia_sergio;1;22790;82,03 %
tag:stardog:api:medio_pedro_poti;1;22791;82,03 %
tag:stardog:api:myrciaria;1;22792;82,03 %
tag:stardog:api:conquista_espiritual;1;22793;82,04 %
tag:stardog:api:mesticos;1;22794;82,04 %
tag:stardog:api:oswaldo_giacoia_junior;1;22795;82,04 %
tag:stardog:api:mesmoo;1;22796;82,05 %
tag:stardog:api:maku_puibagi;1;22797;82,05 %
tag:stardog:api:de_reescravizacao_quanto;1;22798;82,05 %
tag:stardog:api:revolucao_liberal;1;22799;82,06 %
tag:stardog:api:manuela_saenz;1;22800;82,06 %
tag:stardog:api:maria_de_lourdes_mateus;1;22801;82,07 %
tag:stardog:api:bryan_d_jones;1;22802;82,07 %
tag:stardog:api:spartakus_santiago;1;22803;82,07 %
tag:stardog:api:exterioridade;1;22804;82,08 %
tag:stardog:api:lis;1;22805;82,08 %
tag:stardog:api:misterio_de_nhemyro;1;22806;82,08 %
tag:stardog:api:norval_baitello_junior;1;22807;82,09 %
tag:stardog:api:folha_abolicionista;1;22808;82,09 %
tag:stardog:api:piza;1;22809;82,09 %
tag:stardog:api:de_monte_alegre;1;22810;82,10 %
tag:stardog:api:eleicao_do_primeiro_homem_negro;1;22811;82,10 %
tag:stardog:api:durston;1;22812;82,10 %
tag:stardog:api:yan_daudu;1;22813;82,11 %
tag:stardog:api:chichico_alkmim;1;22814;82,11 %
tag:stardog:api:quilombo_de_manuel_padeiro;1;22815;82,12 %
tag:stardog:api:mollobouvier;1;22816;82,12 %
tag:stardog:api:sobek;1;22817;82,12 %
tag:stardog:api:rudolf_von;1;22818;82,13 %
tag:stardog:api:dona_ivone_lara;1;22819;82,13 %
tag:stardog:api:sebastiao_parana;1;22820;82,13 %
tag:stardog:api:swv;1;22821;82,14 %
tag:stardog:api:bartolome;1;22822;82,14 %
tag:stardog:api:nilma_lino;1;22823;82,14 %
tag:stardog:api:heryri_hawa;1;22824;82,15 %
tag:stardog:api:pakeha_neozelandeses;1;22825;82,15 %
tag:stardog:api:instagram_da_deputada_federal_taliria_petrone;1;22826;82,16 %
tag:stardog:api:marc_de_civrieux;1;22827;82,16 %
tag:stardog:api:dr_marcos_goncalves;1;22828;82,16 %
tag:stardog:api:mario_vargas_llosa;1;22829;82,17 %
tag:stardog:api:robert_k_yin;1;22830;82,17 %
tag:stardog:api:xxxvi;1;22831;82,17 %
tag:stardog:api:vibrio;1;22832;82,18 %
tag:stardog:api:edison_favero;1;22833;82,18 %
tag:stardog:api:culler;1;22834;82,18 %
tag:stardog:api:fala_negao_fala_mulher;1;22835;82,19 %
tag:stardog:api:c_trigonoides;1;22836;82,19 %
tag:stardog:api:profo;1;22837;82,19 %
tag:stardog:api:herberto_helder;1;22838;82,20 %
tag:stardog:api:masteringthe_englishlanguage;1;22839;82,20 %
tag:stardog:api:chenopodium_ambrosioides_l;1;22840;82,21 %
tag:stardog:api:maria_helena_serafim_rodrigues;1;22841;82,21 %
tag:stardog:api:meloidogyne;1;22842;82,21 %
tag:stardog:api:cassiano;1;22843;82,22 %
tag:stardog:api:mimivirus;1;22844;82,22 %
tag:stardog:api:decio_azevedo_marques_de_saes;1;22845;82,22 %
tag:stardog:api:datsina_tsapari;1;22846;82,23 %
tag:stardog:api:manoel_bastos_tigre;1;22847;82,23 %
tag:stardog:api:yasemin_soysal;1;22848;82,23 %
tag:stardog:api:manejadores;1;22849;82,24 %
tag:stardog:api:para_roke;1;22850;82,24 %
tag:stardog:api:caixa_gerbox;1;22851;82,25 %
tag:stardog:api:santa_tereza_davila;1;22852;82,25 %
tag:stardog:api:leptospira_ssp;1;22853;82,25 %
tag:stardog:api:patricio_carneiro;1;22854;82,26 %
tag:stardog:api:bagageiro;1;22855;82,26 %
tag:stardog:api:irineu_joffily;1;22856;82,26 %
tag:stardog:api:otavio_ianni;1;22857;82,27 %
tag:stardog:api:genograms;1;22858;82,27 %
tag:stardog:api:joao_marcondes_de_moura_romeiro;1;22859;82,27 %
tag:stardog:api:luiz_heitor_correa_de_azevedo;1;22860;82,28 %
tag:stardog:api:dr_rodrigo_faustinoni_bonciani;1;22861;82,28 %
tag:stardog:api:cree;1;22862;82,28 %
tag:stardog:api:betty_jane_meggers;1;22863;82,29 %
tag:stardog:api:mestres_pastinha;1;22864;82,29 %
tag:stardog:api:hae;1;22865;82,30 %
tag:stardog:api:tropeirismo;1;22866;82,30 %
tag:stardog:api:esu_lonan;1;22867;82,30 %
tag:stardog:api:lunations;1;22868;82,31 %
tag:stardog:api:felipe;1;22869;82,31 %
tag:stardog:api:moringa;1;22870;82,31 %
tag:stardog:api:guarani_kaiowa;1;22871;82,32 %
tag:stardog:api:rugendas;1;22872;82,32 %
tag:stardog:api:ela_volta;1;22873;82,32 %
tag:stardog:api:mokoin_ayvu_rupi_ijayvu_tein;1;22874;82,33 %
tag:stardog:api:paulo_fernandes_viana;1;22875;82,33 %
tag:stardog:api:mary_de_priore;1;22876;82,34 %
tag:stardog:api:inykaraja;1;22877;82,34 %
tag:stardog:api:comicidades_amerindias;1;22878;82,34 %
tag:stardog:api:intericonicidade;1;22879;82,35 %
tag:stardog:api:leonidio_ribeiro;1;22880;82,35 %
tag:stardog:api:vontade_de_saber_portugues;1;22881;82,35 %
tag:stardog:api:str;1;22882;82,36 %
tag:stardog:api:capitanias_hereditarias;1;22883;82,36 %
tag:stardog:api:ananas_comosus;1;22884;82,36 %
tag:stardog:api:silvia;1;22885;82,37 %
tag:stardog:api:oesterreicher;1;22886;82,37 %
tag:stardog:api:sitio_atoleiros;1;22887;82,37 %
tag:stardog:api:christine_lamenha_luna_;1;22888;82,38 %
tag:stardog:api:rodolfo_coelho_cavalcante;1;22889;82,38 %
tag:stardog:api:agaben;1;22890;82,39 %
tag:stardog:api:sergei_eisenstein;1;22891;82,39 %
tag:stardog:api:wagner;1;22892;82,39 %
tag:stardog:api:denis_creissels;1;22893;82,40 %
tag:stardog:api:a486v;1;22894;82,40 %
tag:stardog:api:provincia_mediante_manumissoes;1;22895;82,40 %
tag:stardog:api:yoran_cazac;1;22896;82,41 %
tag:stardog:api:xokos;1;22897;82,41 %
tag:stardog:api:vera_maria_candau;1;22898;82,41 %
tag:stardog:api:luciano_mendes_de_faria_filho;1;22899;82,42 %
tag:stardog:api:clenora_hudsonweems;1;22900;82,42 %
tag:stardog:api:mariana_cortez_orientador_profa;1;22901;82,43 %
tag:stardog:api:nuvem_negra;1;22902;82,43 %
tag:stardog:api:bruno_borda;1;22903;82,43 %
tag:stardog:api:nc50pla50;1;22904;82,44 %
tag:stardog:api:halbawchs;1;22905;82,44 %
tag:stardog:api:pierre_hadot;1;22906;82,44 %
tag:stardog:api:ramal;1;22907;82,45 %
tag:stardog:api:veronica;1;22908;82,45 %
tag:stardog:api:marcos_ferreirasantos;1;22909;82,45 %
tag:stardog:api:blackoil;1;22910;82,46 %
tag:stardog:api:desplace;1;22911;82,46 %
tag:stardog:api:dr_alvaro_luiz_mathias;1;22912;82,46 %
tag:stardog:api:toninho;1;22913;82,47 %
tag:stardog:api:pedro_calmon;1;22914;82,47 %
tag:stardog:api:pedro_sergio_fadini;1;22915;82,48 %
tag:stardog:api:bertolt_brecht;1;22916;82,48 %
tag:stardog:api:arthuro_escobar;1;22917;82,48 %
tag:stardog:api:mestre_adalto;1;22918;82,49 %
tag:stardog:api:georges_sorel;1;22919;82,49 %
tag:stardog:api:rigorosidade;1;22920;82,49 %
tag:stardog:api:nivia_raposo;1;22921;82,50 %
tag:stardog:api:al_gore;1;22922;82,50 %
tag:stardog:api:neem;1;22923;82,50 %
tag:stardog:api:umukori_mahsa;1;22924;82,51 %
tag:stardog:api:turma_mura;1;22925;82,51 %
tag:stardog:api:miguel_figueira_galvao;1;22926;82,52 %
tag:stardog:api:betina;1;22927;82,52 %
tag:stardog:api:capineira;1;22928;82,52 %
tag:stardog:api:disconnectly;1;22929;82,53 %
tag:stardog:api:toms_cabin;1;22930;82,53 %
tag:stardog:api:ana_maria_gimenes_correa_calil;1;22931;82,53 %
tag:stardog:api:analise_de_discurso_critica_ou_estudos_criticos_do_discurso;1;22932;82,54 %
tag:stardog:api:bittencourt;1;22933;82,54 %
tag:stardog:api:dr_claudio_da_cunha;1;22934;82,54 %
tag:stardog:api:castelo_branco;1;22935;82,55 %
tag:stardog:api:tais_bianca_gama_araujo_ramos;1;22936;82,55 %
tag:stardog:api:atemoztli_e_xviii_izcalli;1;22937;82,55 %
tag:stardog:api:quadros_da_escravidao;1;22938;82,56 %
tag:stardog:api:melancia;1;22939;82,56 %
tag:stardog:api:putanny;1;22940;82,57 %
tag:stardog:api:2357_mg;1;22941;82,57 %
tag:stardog:api:kibrik;1;22942;82,57 %
tag:stardog:api:caput;1;22943;82,58 %
tag:stardog:api:maria_figueiredo_braga_garcia;1;22944;82,58 %
tag:stardog:api:ninguem;1;22945;82,58 %
tag:stardog:api:walquiria_g_d_leao_rego;1;22946;82,59 %
tag:stardog:api:pedro_hamaw;1;22947;82,59 %
tag:stardog:api:citrus_aurantifolia_swing;1;22948;82,59 %
tag:stardog:api:orville_derby;1;22949;82,60 %
tag:stardog:api:bruna;1;22950;82,60 %
tag:stardog:api:netnography;1;22951;82,61 %
tag:stardog:api:malpighia;1;22952;82,61 %
tag:stardog:api:ediogenes_aragao_santos;1;22953;82,61 %
tag:stardog:api:john_hope_franklin;1;22954;82,62 %
tag:stardog:api:artionka_manuela_goes_capiberibe;1;22955;82,62 %
tag:stardog:api:botega;1;22956;82,62 %
tag:stardog:api:upe_jehecha;1;22957;82,63 %
tag:stardog:api:icms_ecologico_e_compensacao_de_reserva_legal;1;22958;82,63 %
tag:stardog:api:afroturismo;1;22959;82,63 %
tag:stardog:api:thiesen;1;22960;82,64 %
tag:stardog:api:urie_bronfenbrenner;1;22961;82,64 %
tag:stardog:api:acm;1;22962;82,64 %
tag:stardog:api:meu_crespo_e_de_rainha;1;22963;82,65 %
tag:stardog:api:law_n1128406;1;22964;82,65 %
tag:stardog:api:mario;1;22965;82,66 %
tag:stardog:api:gregorin_filho;1;22966;82,66 %
tag:stardog:api:porem;1;22967;82,66 %
tag:stardog:api:kyynyry;1;22968;82,67 %
tag:stardog:api:drepcr;1;22969;82,67 %
tag:stardog:api:raul_lody;1;22970;82,67 %
tag:stardog:api:pierre;1;22971;82,68 %
tag:stardog:api:barbour;1;22972;82,68 %
tag:stardog:api:tia_ma;1;22973;82,68 %
tag:stardog:api:socrates;1;22974;82,69 %
tag:stardog:api:martin_bauer;1;22975;82,69 %
tag:stardog:api:leci_brandao;1;22976;82,70 %
tag:stardog:api:trought;1;22977;82,70 %
tag:stardog:api:ayn_guive;1;22978;82,70 %
tag:stardog:api:tabajaras;1;22979;82,71 %
tag:stardog:api:ivana_bentes;1;22980;82,71 %
tag:stardog:api:jornal_cultivando_agua_boa;1;22981;82,71 %
tag:stardog:api:gibbs;1;22982;82,72 %
tag:stardog:api:20081952;1;22983;82,72 %
tag:stardog:api:edir_macedo;1;22984;82,72 %
tag:stardog:api:pe_jehaipe;1;22985;82,73 %
tag:stardog:api:isabella_coutinho;1;22986;82,73 %
tag:stardog:api:diagnosticos_de_enfermagem;1;22987;82,73 %
tag:stardog:api:gravitacao_newtoniana;1;22988;82,74 %
tag:stardog:api:blommaert;1;22989;82,74 %
tag:stardog:api:sergio_de_carvalho;1;22990;82,75 %
tag:stardog:api:angela_nunes;1;22991;82,75 %
tag:stardog:api:capao_comprido;1;22992;82,75 %
tag:stardog:api:carlos_gomes_da_nave_mendes;1;22993;82,76 %
tag:stardog:api:multiscope;1;22994;82,76 %
tag:stardog:api:faria_lima;1;22995;82,76 %
tag:stardog:api:jose_de_farias;1;22996;82,77 %
tag:stardog:api:solorzano;1;22997;82,77 %
tag:stardog:api:direitos_culturais;1;22998;82,77 %
tag:stardog:api:persigo;1;22999;82,78 %
tag:stardog:api:graciliano_ramos_de_oliveira;1;23000;82,78 %
tag:stardog:api:alafia;1;23001;82,79 %
tag:stardog:api:maria_alejandra_nicolas;1;23002;82,79 %
tag:stardog:api:adolfo_alban_achinte;1;23003;82,79 %
tag:stardog:api:renyi;1;23004;82,80 %
tag:stardog:api:aetalometro;1;23005;82,80 %
tag:stardog:api:hansgeorge_gadamer;1;23006;82,80 %
tag:stardog:api:ibge2010;1;23007;82,81 %
tag:stardog:api:steven_spielberg;1;23008;82,81 %
tag:stardog:api:empreendidas_pelos_escravos;1;23009;82,81 %
tag:stardog:api:stella_telles;1;23010;82,82 %
tag:stardog:api:c_montrouzieri;1;23011;82,82 %
tag:stardog:api:possibilitandonos;1;23012;82,82 %
tag:stardog:api:saer;1;23013;82,83 %
tag:stardog:api:yora;1;23014;82,83 %
tag:stardog:api:incipiently;1;23015;82,84 %
tag:stardog:api:who_has;1;23016;82,84 %
tag:stardog:api:jean_derrive;1;23017;82,84 %
tag:stardog:api:antonio_brand;1;23018;82,85 %
tag:stardog:api:woodruff_whitman_benson;1;23019;82,85 %
tag:stardog:api:paul;1;23020;82,85 %
tag:stardog:api:mary_karash;1;23021;82,86 %
tag:stardog:api:wasusu;1;23022;82,86 %
tag:stardog:api:rosangela_malachias;1;23023;82,86 %
tag:stardog:api:correia_leite;1;23024;82,87 %
tag:stardog:api:menton;1;23025;82,87 %
tag:stardog:api:corbera_mori;1;23026;82,88 %
tag:stardog:api:rocha_pombo;1;23027;82,88 %
tag:stardog:api:dispositivos_teoricosmetodologicos;1;23028;82,88 %
tag:stardog:api:teun_a_van_dijk;1;23029;82,89 %
tag:stardog:api:helios_antonio_de_souza;1;23030;82,89 %
tag:stardog:api:a_razao;1;23031;82,89 %
tag:stardog:api:jake_dypka;1;23032;82,90 %
tag:stardog:api:cortez;1;23033;82,90 %
tag:stardog:api:pigmentos_responsaveis;1;23034;82,90 %
tag:stardog:api:antonio_garcia_filho;1;23035;82,91 %
tag:stardog:api:karnopp;1;23036;82,91 %
tag:stardog:api:laura_esquivel;1;23037;82,91 %
tag:stardog:api:uma_historia_de_amor_que;1;23038;82,92 %
tag:stardog:api:schizodon;1;23039;82,92 %
tag:stardog:api:pettitt;1;23040;82,93 %
tag:stardog:api:erich_auerbachs;1;23041;82,93 %
tag:stardog:api:democrates_alter;1;23042;82,93 %
tag:stardog:api:friedman;1;23043;82,94 %
tag:stardog:api:alvaro_borges_vieira_pinto;1;23044;82,94 %
tag:stardog:api:t_i_galibi;1;23045;82,94 %
tag:stardog:api:johann_batist_von_spix;1;23046;82,95 %
tag:stardog:api:virgens_fonseca;1;23047;82,95 %
tag:stardog:api:alfonso_botelho;1;23048;82,95 %
tag:stardog:api:wai_wai_indians;1;23049;82,96 %
tag:stardog:api:michael_boyce_gillespie;1;23050;82,96 %
tag:stardog:api:akins_kinte;1;23051;82,97 %
tag:stardog:api:leland;1;23052;82,97 %
tag:stardog:api:patrao;1;23053;82,97 %
tag:stardog:api:cabeca;1;23054;82,98 %
tag:stardog:api:oseva;1;23055;82,98 %
tag:stardog:api:ketuangola;1;23056;82,98 %
tag:stardog:api:chico_buarque;1;23057;82,99 %
tag:stardog:api:jatob;1;23058;82,99 %
tag:stardog:api:richard_miskolci;1;23059;82,99 %
tag:stardog:api:fortalecimento_cultural;1;23060;83,00 %
tag:stardog:api:irmandade_de_nossa_senhora_da_boa_morte;1;23061;83,00 %
tag:stardog:api:leo_strauss;1;23062;83,00 %
tag:stardog:api:14c_ap;1;23063;83,01 %
tag:stardog:api:maria_amelia_dalvi;1;23064;83,01 %
tag:stardog:api:jose_contreras;1;23065;83,02 %
tag:stardog:api:marcius_cesar_soares_freire;1;23066;83,02 %
tag:stardog:api:ahadeaku;1;23067;83,02 %
tag:stardog:api:voese;1;23068;83,03 %
tag:stardog:api:juliana_barreto;1;23069;83,03 %
tag:stardog:api:marshall_berman;1;23070;83,03 %
tag:stardog:api:cornejo_polar;1;23071;83,04 %
tag:stardog:api:daniela_gatti;1;23072;83,04 %
tag:stardog:api:gayatri_spivaki;1;23073;83,04 %
tag:stardog:api:epistemologia;1;23074;83,05 %
tag:stardog:api:senna_occidentalis;1;23075;83,05 %
tag:stardog:api:maria_jose_santos_pompeu_brasil;1;23076;83,05 %
tag:stardog:api:clara_nocao_de_sua_condicao;1;23077;83,06 %
tag:stardog:api:kambebas;1;23078;83,06 %
tag:stardog:api:sahagun;1;23079;83,07 %
tag:stardog:api:leite_dias;1;23080;83,07 %
tag:stardog:api:avontaon;1;23081;83,07 %
tag:stardog:api:de_cueste;1;23082;83,08 %
tag:stardog:api:surubiuacu;1;23083;83,08 %
tag:stardog:api:david_m_guss;1;23084;83,08 %
tag:stardog:api:euclides_moreira;1;23085;83,09 %
tag:stardog:api:vila_ildemar;1;23086;83,09 %
tag:stardog:api:effia;1;23087;83,09 %
tag:stardog:api:costa_e_silva;1;23088;83,10 %
tag:stardog:api:lucrecia_dalessio_ferrara;1;23089;83,10 %
tag:stardog:api:vivian_zeidemann;1;23090;83,11 %
tag:stardog:api:patovars_campestris;1;23091;83,11 %
tag:stardog:api:mapa_afrocentrado;1;23092;83,11 %
tag:stardog:api:termino;1;23093;83,12 %
tag:stardog:api:kepleriana;1;23094;83,12 %
tag:stardog:api:marc_ferro;1;23095;83,12 %
tag:stardog:api:eno_belinga;1;23096;83,13 %
tag:stardog:api:kincheloe1997;1;23097;83,13 %
tag:stardog:api:puma_camille;1;23098;83,13 %
tag:stardog:api:theobaldo;1;23099;83,14 %
tag:stardog:api:bernardina_salustio;1;23100;83,14 %
tag:stardog:api:microfilaria;1;23101;83,14 %
tag:stardog:api:penitencia;1;23102;83,15 %
tag:stardog:api:kapinawa_de_pernambuco;1;23103;83,15 %
tag:stardog:api:jaury;1;23104;83,16 %
tag:stardog:api:joao_timotheo_da_costa;1;23105;83,16 %
tag:stardog:api:formados_pelo;1;23106;83,16 %
tag:stardog:api:ishtar;1;23107;83,17 %
tag:stardog:api:gaston_bachelard_s;1;23108;83,17 %
tag:stardog:api:ceicao_das_crioulas;1;23109;83,17 %
tag:stardog:api:descobre_iori;1;23110;83,18 %
tag:stardog:api:c_xanthocarpa;1;23111;83,18 %
tag:stardog:api:pomar_de_sementes;1;23112;83,18 %
tag:stardog:api:cafuzo;1;23113;83,19 %
tag:stardog:api:anderson_silva;1;23114;83,19 %
tag:stardog:api:aldeia_maracana;1;23115;83,20 %
tag:stardog:api:mihaly_csikssentmihalyi;1;23116;83,20 %
tag:stardog:api:aquino;1;23117;83,20 %
tag:stardog:api:imbued;1;23118;83,21 %
tag:stardog:api:tranquilino_bastos;1;23119;83,21 %
tag:stardog:api:sebastiao_leao;1;23120;83,21 %
tag:stardog:api:ivone_ferreira_caetano;1;23121;83,22 %
tag:stardog:api:karai_arandu;1;23122;83,22 %
tag:stardog:api:bento_carneiro_da_silva;1;23123;83,22 %
tag:stardog:api:levins;1;23124;83,23 %
tag:stardog:api:militars;1;23125;83,23 %
tag:stardog:api:d_w_winnicott;1;23126;83,23 %
tag:stardog:api:daniels;1;23127;83,24 %
tag:stardog:api:polo;1;23128;83,24 %
tag:stardog:api:zinniae;1;23129;83,25 %
tag:stardog:api:silva_e_silva;1;23130;83,25 %
tag:stardog:api:joao_de_mattos;1;23131;83,25 %
tag:stardog:api:ogan_carlos;1;23132;83,26 %
tag:stardog:api:cinta_vermelhajundiba;1;23133;83,26 %
tag:stardog:api:t_nobrega_p;1;23134;83,26 %
tag:stardog:api:disregarded;1;23135;83,27 %
tag:stardog:api:emanuel_araujos;1;23136;83,27 %
tag:stardog:api:revelados_atraves_da_memoria;1;23137;83,27 %
tag:stardog:api:entre_movimentos;1;23138;83,28 %
tag:stardog:api:bastos;1;23139;83,28 %
tag:stardog:api:tereza_vergani;1;23140;83,29 %
tag:stardog:api:organizacoes_naogovernamentais;1;23141;83,29 %
tag:stardog:api:faxinal;1;23142;83,29 %
tag:stardog:api:dr_andrea_ciacchi;1;23143;83,30 %
tag:stardog:api:posmetodo;1;23144;83,30 %
tag:stardog:api:marcelo_el_khouri_buzato;1;23145;83,30 %
tag:stardog:api:luis_berimbau;1;23146;83,31 %
tag:stardog:api:angela_de_castro_gomes;1;23147;83,31 %
tag:stardog:api:curuamb;1;23148;83,31 %
tag:stardog:api:sertao_da_bahia;1;23149;83,32 %
tag:stardog:api:mesolimbica_emesocortical;1;23150;83,32 %
tag:stardog:api:asheninkas_do_alto_rio_envira;1;23151;83,32 %
tag:stardog:api:ademar_vidals;1;23152;83,33 %
tag:stardog:api:zebrinha;1;23153;83,33 %
tag:stardog:api:metis;1;23154;83,34 %
tag:stardog:api:schreber;1;23155;83,34 %
tag:stardog:api:dalmo_varallo_lima_de_oliveira;1;23156;83,34 %
tag:stardog:api:jose_bonifacio_s;1;23157;83,35 %
tag:stardog:api:camara_cascudo;1;23158;83,35 %
tag:stardog:api:algoz_of_barrancas;1;23159;83,35 %
tag:stardog:api:ivair_augusto_alves_dos_santos;1;23160;83,36 %
tag:stardog:api:m_nigra;1;23161;83,36 %
tag:stardog:api:aluizio_marino;1;23162;83,36 %
tag:stardog:api:knauss;1;23163;83,37 %
tag:stardog:api:john_willet;1;23164;83,37 %
tag:stardog:api:marcelo_lopes_de_souza;1;23165;83,38 %
tag:stardog:api:law_127112012;1;23166;83,38 %
tag:stardog:api:kilombo_souza;1;23167;83,38 %
tag:stardog:api:dewell;1;23168;83,39 %
tag:stardog:api:dossies;1;23169;83,39 %
tag:stardog:api:chibarro;1;23170;83,39 %
tag:stardog:api:antonio_aparecido_da_silva;1;23171;83,40 %
tag:stardog:api:elizabete_macedo;1;23172;83,40 %
tag:stardog:api:maria_antonacci;1;23173;83,40 %
tag:stardog:api:gow;1;23174;83,41 %
tag:stardog:api:adir_nascimento;1;23175;83,41 %
tag:stardog:api:sanchis_sinisterra;1;23176;83,41 %
tag:stardog:api:martin_fierro;1;23177;83,42 %
tag:stardog:api:roberto_casati;1;23178;83,42 %
tag:stardog:api:graciela_huinao;1;23179;83,43 %
tag:stardog:api:maes;1;23180;83,43 %
tag:stardog:api:rainha_nzinga;1;23181;83,43 %
tag:stardog:api:jerzy_grotowski;1;23182;83,44 %
tag:stardog:api:j_taylor;1;23183;83,44 %
tag:stardog:api:poder;1;23184;83,44 %
tag:stardog:api:karen_santos;1;23185;83,45 %
tag:stardog:api:manoa;1;23186;83,45 %
tag:stardog:api:serova;1;23187;83,45 %
tag:stardog:api:kevin_kenny;1;23188;83,46 %
tag:stardog:api:revista_afirmativa;1;23189;83,46 %
tag:stardog:api:charagua_iyambae_autonomy;1;23190;83,47 %
tag:stardog:api:macumbeiros;1;23191;83,47 %
tag:stardog:api:tomas_tadeu_da_silva;1;23192;83,47 %
tag:stardog:api:gumperz;1;23193;83,48 %
tag:stardog:api:berg;1;23194;83,48 %
tag:stardog:api:amadou_hampate_ba;1;23195;83,48 %
tag:stardog:api:fazenda_xanadu;1;23196;83,49 %
tag:stardog:api:sebastiao;1;23197;83,49 %
tag:stardog:api:croton_floribundus;1;23198;83,49 %
tag:stardog:api:via;1;23199;83,50 %
tag:stardog:api:240h;1;23200;83,50 %
tag:stardog:api:depai;1;23201;83,50 %
tag:stardog:api:cordeiro_de_farias;1;23202;83,51 %
tag:stardog:api:transformacoes_ocorridas;1;23203;83,51 %
tag:stardog:api:distritos_sanitarios_indigenas;1;23204;83,52 %
tag:stardog:api:carmem_lucia_guimaraes_de_mattos;1;23205;83,52 %
tag:stardog:api:jose_carlos_burle;1;23206;83,52 %
tag:stardog:api:ao_mesmo;1;23207;83,53 %
tag:stardog:api:piacaguera_tupi;1;23208;83,53 %
tag:stardog:api:guaraniacu;1;23209;83,53 %
tag:stardog:api:dandara_maria_oniilari_ferreira;1;23210;83,54 %
tag:stardog:api:reissner;1;23211;83,54 %
tag:stardog:api:lejeune;1;23212;83,54 %
tag:stardog:api:adele_toussaintsamson;1;23213;83,55 %
tag:stardog:api:roland_barthess;1;23214;83,55 %
tag:stardog:api:meyer;1;23215;83,56 %
tag:stardog:api:hanna_fenichel_pitkin;1;23216;83,56 %
tag:stardog:api:vera_telles;1;23217;83,56 %
tag:stardog:api:debaixo_dagua;1;23218;83,57 %
tag:stardog:api:l_osbeck;1;23219;83,57 %
tag:stardog:api:contemporneo;1;23220;83,57 %
tag:stardog:api:segunda_questao;1;23221;83,58 %
tag:stardog:api:parks;1;23222;83,58 %
tag:stardog:api:maruanum;1;23223;83,58 %
tag:stardog:api:braga_da_pontezinha;1;23224;83,59 %
tag:stardog:api:caruru;1;23225;83,59 %
tag:stardog:api:anna_kemp;1;23226;83,59 %
tag:stardog:api:guerino;1;23227;83,60 %
tag:stardog:api:casa_de_detencao_da_corte;1;23228;83,60 %
tag:stardog:api:balizado;1;23229;83,61 %
tag:stardog:api:freire_s_dialogicity;1;23230;83,61 %
tag:stardog:api:arranjos_domiciliares;1;23231;83,61 %
tag:stardog:api:dagoberto_da_fonseca;1;23232;83,62 %
tag:stardog:api:dr_evandro_luis_nohara;1;23233;83,62 %
tag:stardog:api:dionne;1;23234;83,62 %
tag:stardog:api:nutricao_dos;1;23235;83,63 %
tag:stardog:api:garfinkel;1;23236;83,63 %
tag:stardog:api:esteban_montejo;1;23237;83,63 %
tag:stardog:api:yvy_maraey;1;23238;83,64 %
tag:stardog:api:nainternet;1;23239;83,64 %
tag:stardog:api:jonatas;1;23240;83,65 %
tag:stardog:api:giraldo_jose_de_abranches;1;23241;83,65 %
tag:stardog:api:poincare;1;23242;83,65 %
tag:stardog:api:meu_avo_apolinario;1;23243;83,66 %
tag:stardog:api:podeschi;1;23244;83,66 %
tag:stardog:api:hemme_battjes;1;23245;83,66 %
tag:stardog:api:frente_quilombola;1;23246;83,67 %
tag:stardog:api:spontaneously_hypertensive_rat;1;23247;83,67 %
tag:stardog:api:patax;1;23248;83,67 %
tag:stardog:api:chirlene;1;23249;83,68 %
tag:stardog:api:renato_castro;1;23250;83,68 %
tag:stardog:api:chl;1;23251;83,68 %
tag:stardog:api:curraleiro_peduro;1;23252;83,69 %
tag:stardog:api:casa_da_nigeria;1;23253;83,69 %
tag:stardog:api:sousa_e_fino;1;23254;83,70 %
tag:stardog:api:oscar_barriga;1;23255;83,70 %
tag:stardog:api:eliel_benites;1;23256;83,70 %
tag:stardog:api:tancredo;1;23257;83,71 %
tag:stardog:api:nekvapil;1;23258;83,71 %
tag:stardog:api:bronislaw_malinowski;1;23259;83,71 %
tag:stardog:api:lery;1;23260;83,72 %
tag:stardog:api:felix_gattari;1;23261;83,72 %
tag:stardog:api:etnomusicologia_negra;1;23262;83,72 %
tag:stardog:api:johson;1;23263;83,73 %
tag:stardog:api:patrick_charaudeu;1;23264;83,73 %
tag:stardog:api:claudia_macteer;1;23265;83,74 %
tag:stardog:api:por_outro_lado;1;23266;83,74 %
tag:stardog:api:blini;1;23267;83,74 %
tag:stardog:api:febronio_indio_do_brasil;1;23268;83,75 %
tag:stardog:api:multulingue_indigena;1;23269;83,75 %
tag:stardog:api:hypolita_maria_das_dores;1;23270;83,75 %
tag:stardog:api:woodrow_wilson_da_matta_e_silva;1;23271;83,76 %
tag:stardog:api:r_queiroz;1;23272;83,76 %
tag:stardog:api:thomas_patrick_dwyer;1;23273;83,76 %
tag:stardog:api:erico_verissimo;1;23274;83,77 %
tag:stardog:api:da_instituicao_quanto_das_proprias_internas;1;23275;83,77 %
tag:stardog:api:aschersonia_mont;1;23276;83,77 %
tag:stardog:api:irmandade_de_carimbo;1;23277;83,78 %
tag:stardog:api:jj;1;23278;83,78 %
tag:stardog:api:angu;1;23279;83,79 %
tag:stardog:api:pompa;1;23280;83,79 %
tag:stardog:api:area_ii;1;23281;83,79 %
tag:stardog:api:metodologia_afrodescendente_em_pesquisa;1;23282;83,80 %
tag:stardog:api:marcos_mondardo;1;23283;83,80 %
tag:stardog:api:goncalves_filho;1;23284;83,80 %
tag:stardog:api:frawley;1;23285;83,81 %
tag:stardog:api:mentha;1;23286;83,81 %
tag:stardog:api:sophie_van_der_linden;1;23287;83,81 %
tag:stardog:api:hair_straightening_capillary_plurality;1;23288;83,82 %
tag:stardog:api:quese;1;23289;83,82 %
tag:stardog:api:jose_euzebio_assumpcao;1;23290;83,83 %
tag:stardog:api:trovas_burlescas;1;23291;83,83 %
tag:stardog:api:l_wittgenstein;1;23292;83,83 %
tag:stardog:api:liderado_pelo_pfl;1;23293;83,84 %
tag:stardog:api:professora_tereza_conceicao_arruda;1;23294;83,84 %
tag:stardog:api:faumelisa_manquepillan;1;23295;83,84 %
tag:stardog:api:guarani_kuera_oguatava;1;23296;83,85 %
tag:stardog:api:deus_me_ajude;1;23297;83,85 %
tag:stardog:api:dipesh_chakrabarty;1;23298;83,85 %
tag:stardog:api:mestre_guarana;1;23299;83,86 %
tag:stardog:api:protecao_integral;1;23300;83,86 %
tag:stardog:api:moura_lima;1;23301;83,86 %
tag:stardog:api:charles_w_mills;1;23302;83,87 %
tag:stardog:api:romanelli;1;23303;83,87 %
tag:stardog:api:francois_dosse;1;23304;83,88 %
tag:stardog:api:edla_eggert;1;23305;83,88 %
tag:stardog:api:jofre_rocha;1;23306;83,88 %
tag:stardog:api:a_taylor;1;23307;83,89 %
tag:stardog:api:chizotti;1;23308;83,89 %
tag:stardog:api:tabanus;1;23309;83,89 %
tag:stardog:api:margarida_calafate_ribeiro;1;23310;83,90 %
tag:stardog:api:luiz_de_abreu;1;23311;83,90 %
tag:stardog:api:jose_paulo_netto;1;23312;83,90 %
tag:stardog:api:fernao_vitor_pessoa_de_almeida_ramos;1;23313;83,91 %
tag:stardog:api:omega_de_mcdonald;1;23314;83,91 %
tag:stardog:api:fabio_kabral;1;23315;83,92 %
tag:stardog:api:profa_dra_andrea_carla_dore;1;23316;83,92 %
tag:stardog:api:kuery_reko_py;1;23317;83,92 %
tag:stardog:api:a_chassot;1;23318;83,93 %
tag:stardog:api:sarmientos;1;23319;83,93 %
tag:stardog:api:reproducers;1;23320;83,93 %
tag:stardog:api:diana_torres;1;23321;83,94 %
tag:stardog:api:rosa_dias;1;23322;83,94 %
tag:stardog:api:jorge_chagas;1;23323;83,94 %
tag:stardog:api:egbe_oduduwa;1;23324;83,95 %
tag:stardog:api:vicente_ferreira_da_silva;1;23325;83,95 %
tag:stardog:api:chico_gomes;1;23326;83,95 %
tag:stardog:api:beija_flor;1;23327;83,96 %
tag:stardog:api:c_analis;1;23328;83,96 %
tag:stardog:api:valeriano_mendes_ferreira;1;23329;83,97 %
tag:stardog:api:raquel_franzim;1;23330;83,97 %
tag:stardog:api:elsaigh;1;23331;83,97 %
tag:stardog:api:newmark;1;23332;83,98 %
tag:stardog:api:arlene_de_katend;1;23333;83,98 %
tag:stardog:api:gaspar_silveira_martins;1;23334;83,98 %
tag:stardog:api:snsm;1;23335;83,99 %
tag:stardog:api:de_mulheres;1;23336;83,99 %
tag:stardog:api:yamamoto;1;23337;83,99 %
tag:stardog:api:abnb;1;23338;84,00 %
tag:stardog:api:candido_mariano_da_silva_rondon;1;23339;84,00 %
tag:stardog:api:andrei_koerner;1;23340;84,01 %
tag:stardog:api:melitina_romana;1;23341;84,01 %
tag:stardog:api:peter_burke2008;1;23342;84,01 %
tag:stardog:api:nas_condicoes;1;23343;84,02 %
tag:stardog:api:delirio;1;23344;84,02 %
tag:stardog:api:pascale;1;23345;84,02 %
tag:stardog:api:ro_veme;1;23346;84,03 %
tag:stardog:api:mantoan;1;23347;84,03 %
tag:stardog:api:guido_tomas_marliere;1;23348;84,03 %
tag:stardog:api:piscitelli;1;23349;84,04 %
tag:stardog:api:valero;1;23350;84,04 %
tag:stardog:api:chris_rock;1;23351;84,04 %
tag:stardog:api:m_xenoplax;1;23352;84,05 %
tag:stardog:api:jeanjacques_courtine;1;23353;84,05 %
tag:stardog:api:ana_manoela_primo;1;23354;84,06 %
tag:stardog:api:il12a;1;23355;84,06 %
tag:stardog:api:paulo_lopes;1;23356;84,06 %
tag:stardog:api:pordeus_jr;1;23357;84,07 %
tag:stardog:api:amilcar_cabral;1;23358;84,07 %
tag:stardog:api:juracilda_veiga;1;23359;84,07 %
tag:stardog:api:wedera;1;23360;84,08 %
tag:stardog:api:dissertations;1;23361;84,08 %
tag:stardog:api:deputados;1;23362;84,08 %
tag:stardog:api:bio2;1;23363;84,09 %
tag:stardog:api:fornazieri;1;23364;84,09 %
tag:stardog:api:ayan;1;23365;84,10 %
tag:stardog:api:prandi;1;23366;84,10 %
tag:stardog:api:ranascenca_do_harlem;1;23367;84,10 %
tag:stardog:api:sindrome_hipertensiva_da_gravidez;1;23368;84,11 %
tag:stardog:api:midia_ninja;1;23369;84,11 %
tag:stardog:api:fnst;1;23370;84,11 %
tag:stardog:api:manuel_de_barros;1;23371;84,12 %
tag:stardog:api:butoh;1;23372;84,12 %
tag:stardog:api:loureiro;1;23373;84,12 %
tag:stardog:api:ovaen_hagui;1;23374;84,13 %
tag:stardog:api:ainda_inedita;1;23375;84,13 %
tag:stardog:api:renato_emerson_dos_santos;1;23376;84,13 %
tag:stardog:api:imaginary_judaism;1;23377;84,14 %
tag:stardog:api:hysplit;1;23378;84,14 %
tag:stardog:api:pfl;1;23379;84,15 %
tag:stardog:api:ls_vygotsky;1;23380;84,15 %
tag:stardog:api:almeida_filho;1;23381;84,15 %
tag:stardog:api:renato_p_ortiz;1;23382;84,16 %
tag:stardog:api:joseli_m_n_mendonca;1;23383;84,16 %
tag:stardog:api:jacomo_mandato;1;23384;84,16 %
tag:stardog:api:cianobacteria;1;23385;84,17 %
tag:stardog:api:anamoim;1;23386;84,17 %
tag:stardog:api:monteiro_lobato_s;1;23387;84,17 %
tag:stardog:api:manuel_pereira_da_cruz;1;23388;84,18 %
tag:stardog:api:caldeira;1;23389;84,18 %
tag:stardog:api:manuela_c_cunha;1;23390;84,19 %
tag:stardog:api:foi_necessario;1;23391;84,19 %
tag:stardog:api:horta_barbosa;1;23392;84,19 %
tag:stardog:api:eunice;1;23393;84,20 %
tag:stardog:api:snowball;1;23394;84,20 %
tag:stardog:api:axs;1;23395;84,20 %
tag:stardog:api:canthaxanthin;1;23396;84,21 %
tag:stardog:api:tania_stolze_lima;1;23397;84,21 %
tag:stardog:api:carmezia_emiliano;1;23398;84,21 %
tag:stardog:api:kichwas;1;23399;84,22 %
tag:stardog:api:gates;1;23400;84,22 %
tag:stardog:api:dominio;1;23401;84,22 %
tag:stardog:api:jykre_tan;1;23402;84,23 %
tag:stardog:api:nhandewa_guarani;1;23403;84,23 %
tag:stardog:api:chafe;1;23404;84,24 %
tag:stardog:api:da_vara;1;23405;84,24 %
tag:stardog:api:massal;1;23406;84,24 %
tag:stardog:api:adolfo_caminha;1;23407;84,25 %
tag:stardog:api:francisco_de_assis_araujo;1;23408;84,25 %
tag:stardog:api:marisa_philbert_lajolo;1;23409;84,25 %
tag:stardog:api:jose_claudinei_lombardi;1;23410;84,26 %
tag:stardog:api:dominique_buchillet;1;23411;84,26 %
tag:stardog:api:geanni_sartori;1;23412;84,26 %
tag:stardog:api:lazaro;1;23413;84,27 %
tag:stardog:api:plinio_s;1;23414;84,27 %
tag:stardog:api:trono;1;23415;84,28 %
tag:stardog:api:sitio_latoeiro;1;23416;84,28 %
tag:stardog:api:warburg;1;23417;84,28 %
tag:stardog:api:feld;1;23418;84,29 %
tag:stardog:api:ulrich_becks;1;23419;84,29 %
tag:stardog:api:tomaz_tadeu;1;23420;84,29 %
tag:stardog:api:industria_textil_do_ceara;1;23421;84,30 %
tag:stardog:api:trabalho_disno;1;23422;84,30 %
tag:stardog:api:magisterio_ara_vera;1;23423;84,30 %
tag:stardog:api:tapirapes;1;23424;84,31 %
tag:stardog:api:proenca;1;23425;84,31 %
tag:stardog:api:capitan_bermudez;1;23426;84,31 %
tag:stardog:api:ana_maria_de_oliveira_burmester;1;23427;84,32 %
tag:stardog:api:aumont;1;23428;84,32 %
tag:stardog:api:pesquisa_centrouse;1;23429;84,33 %
tag:stardog:api:etnografia_kanhgag;1;23430;84,33 %
tag:stardog:api:zoques;1;23431;84,33 %
tag:stardog:api:em_defesa_da_catequese;1;23432;84,34 %
tag:stardog:api:severo_sarduy;1;23433;84,34 %
tag:stardog:api:ana_lucia_sabadell;1;23434;84,34 %
tag:stardog:api:mcqueen;1;23435;84,35 %
tag:stardog:api:nelson_silva;1;23436;84,35 %
tag:stardog:api:linda_alcoff;1;23437;84,35 %
tag:stardog:api:maria_de_jesus_patricio_martinez;1;23438;84,36 %
tag:stardog:api:rudolf_virchow;1;23439;84,36 %
tag:stardog:api:victorino_de_menezes;1;23440;84,37 %
tag:stardog:api:diana_crane;1;23441;84,37 %
tag:stardog:api:maria_amanda_lustosa_da_cunha_paranagua;1;23442;84,37 %
tag:stardog:api:paradigma_dialetico;1;23443;84,38 %
tag:stardog:api:sansone;1;23444;84,38 %
tag:stardog:api:marcia_elisa_de_campos_graf;1;23445;84,38 %
tag:stardog:api:sao_gabrielpassinho;1;23446;84,39 %
tag:stardog:api:louis_dreyfus_commodities;1;23447;84,39 %
tag:stardog:api:nossa_senhora_de_aparecida;1;23448;84,39 %
tag:stardog:api:flores_insubmissas;1;23449;84,40 %
tag:stardog:api:gonh;1;23450;84,40 %
tag:stardog:api:daniela_thomas;1;23451;84,40 %
tag:stardog:api:soyinka;1;23452;84,41 %
tag:stardog:api:isolamento_social;1;23453;84,41 %
tag:stardog:api:derek_kompare;1;23454;84,42 %
tag:stardog:api:edward_colston;1;23455;84,42 %
tag:stardog:api:diret_rizes;1;23456;84,42 %
tag:stardog:api:myloplus_spp;1;23457;84,43 %
tag:stardog:api:mangacoes;1;23458;84,43 %
tag:stardog:api:douglas_kelnner;1;23459;84,43 %
tag:stardog:api:joaju_guasu_ambue_teko_rehe_ikatu_hagua_namopua;1;23460;84,44 %
tag:stardog:api:luiz_de_queiroz;1;23461;84,44 %
tag:stardog:api:consonancia;1;23462;84,44 %
tag:stardog:api:i_dc;1;23463;84,45 %
tag:stardog:api:alade_ijexa;1;23464;84,45 %
tag:stardog:api:characteristics;1;23465;84,46 %
tag:stardog:api:mulheridade_negra;1;23466;84,46 %
tag:stardog:api:proposicoes_legislativas;1;23467;84,46 %
tag:stardog:api:aborto;1;23468;84,47 %
tag:stardog:api:carmelinda_maria;1;23469;84,47 %
tag:stardog:api:suarez;1;23470;84,47 %
tag:stardog:api:max_l_max;1;23471;84,48 %
tag:stardog:api:sr_arnaldo_santos;1;23472;84,48 %
tag:stardog:api:ssurrna;1;23473;84,48 %
tag:stardog:api:moraes_filho;1;23474;84,49 %
tag:stardog:api:vladimir_kozak;1;23475;84,49 %
tag:stardog:api:tres_pontasmg;1;23476;84,49 %
tag:stardog:api:capristano;1;23477;84,50 %
tag:stardog:api:ihr;1;23478;84,50 %
tag:stardog:api:brazilianize;1;23479;84,51 %
tag:stardog:api:aharonovbohm;1;23480;84,51 %
tag:stardog:api:hymenaea_l;1;23481;84,51 %
tag:stardog:api:fernando_oliveira;1;23482;84,52 %
tag:stardog:api:diana_rose;1;23483;84,52 %
tag:stardog:api:irmandade_do_rosario_de_tavares;1;23484;84,52 %
tag:stardog:api:cavalcanti__maher;1;23485;84,53 %
tag:stardog:api:palitot;1;23486;84,53 %
tag:stardog:api:jose_simao_s;1;23487;84,53 %
tag:stardog:api:raniero_panzieri;1;23488;84,54 %
tag:stardog:api:dos_modos_de_subjetivacao;1;23489;84,54 %
tag:stardog:api:dessa_liberdade;1;23490;84,55 %
tag:stardog:api:chesnais;1;23491;84,55 %
tag:stardog:api:planch;1;23492;84,55 %
tag:stardog:api:george_minois;1;23493;84,56 %
tag:stardog:api:sri_aurobindo;1;23494;84,56 %
tag:stardog:api:hansen;1;23495;84,56 %
tag:stardog:api:1970b;1;23496;84,57 %
tag:stardog:api:hosmer_e_lemeshow;1;23497;84,57 %
tag:stardog:api:afrodescendants;1;23498;84,57 %
tag:stardog:api:fernanda_miranda;1;23499;84,58 %
tag:stardog:api:plutarco;1;23500;84,58 %
tag:stardog:api:eni_pulcinelli_orlandi;1;23501;84,58 %
tag:stardog:api:quilombola_correa;1;23502;84,59 %
tag:stardog:api:jhonny_salaberg;1;23503;84,59 %
tag:stardog:api:afoxe_pomba_de_male;1;23504;84,60 %
tag:stardog:api:kocuria;1;23505;84,60 %
tag:stardog:api:dom_jose_brandao;1;23506;84,60 %
tag:stardog:api:raymond_willians;1;23507;84,61 %
tag:stardog:api:ser_promissoras;1;23508;84,61 %
tag:stardog:api:avo_dele;1;23509;84,61 %
tag:stardog:api:ele_semog;1;23510;84,62 %
tag:stardog:api:maxwell_porfirio_de_assumpcao_alakija;1;23511;84,62 %
tag:stardog:api:dona_sebastiana;1;23512;84,62 %
tag:stardog:api:eessa;1;23513;84,63 %
tag:stardog:api:amalia_lu_posso_figueroa;1;23514;84,63 %
tag:stardog:api:de_almeida_pereira;1;23515;84,64 %
tag:stardog:api:aeglidae;1;23516;84,64 %
tag:stardog:api:titus_maccius_plautus;1;23517;84,64 %
tag:stardog:api:sppb;1;23518;84,65 %
tag:stardog:api:imperador_do_acre;1;23519;84,65 %
tag:stardog:api:natures;1;23520;84,65 %
tag:stardog:api:itamar_vieira_junior;1;23521;84,66 %
tag:stardog:api:m_urundeuva;1;23522;84,66 %
tag:stardog:api:robert_fogel;1;23523;84,66 %
tag:stardog:api:caae16594413800005531;1;23524;84,67 %
tag:stardog:api:medio_mearim;1;23525;84,67 %
tag:stardog:api:joao_tesourinha;1;23526;84,67 %
tag:stardog:api:mae_terra_pijao;1;23527;84,68 %
tag:stardog:api:solta_cia_de_teatro_de_cuiaba;1;23528;84,68 %
tag:stardog:api:cesar_zumeta;1;23529;84,69 %
tag:stardog:api:engler;1;23530;84,69 %
tag:stardog:api:schwartz;1;23531;84,69 %
tag:stardog:api:estudo_das_etapas_de;1;23532;84,70 %
tag:stardog:api:behrens;1;23533;84,70 %
tag:stardog:api:selminha_aluada;1;23534;84,70 %
tag:stardog:api:villalobos;1;23535;84,71 %
tag:stardog:api:julien_raymond;1;23536;84,71 %
tag:stardog:api:favela;1;23537;84,71 %
tag:stardog:api:conceituar;1;23538;84,72 %
tag:stardog:api:benedict_anderson;1;23539;84,72 %
tag:stardog:api:mario_covas__acervo_da;1;23540;84,73 %
tag:stardog:api:miraglia;1;23541;84,73 %
tag:stardog:api:paulo_lopes__after;1;23542;84,73 %
tag:stardog:api:p_ostreatus;1;23543;84,74 %
tag:stardog:api:guardiaes_da_porteira;1;23544;84,74 %
tag:stardog:api:seus_compostos_bioativos;1;23545;84,74 %
tag:stardog:api:dadinho;1;23546;84,75 %
tag:stardog:api:zarite;1;23547;84,75 %
tag:stardog:api:alos;1;23548;84,75 %
tag:stardog:api:eric_dardel;1;23549;84,76 %
tag:stardog:api:patrick_charaudeau_s;1;23550;84,76 %
tag:stardog:api:roseli_terezinha_boschilia;1;23551;84,76 %
tag:stardog:api:yuri_lotmans;1;23552;84,77 %
tag:stardog:api:anemia_falciforme;1;23553;84,77 %
tag:stardog:api:x_axonopodis_pv;1;23554;84,78 %
tag:stardog:api:francisco_freireallemao;1;23555;84,78 %
tag:stardog:api:katia_mattoso;1;23556;84,78 %
tag:stardog:api:civilizatory;1;23557;84,79 %
tag:stardog:api:sao_sebastiao_do_burajuba;1;23558;84,79 %
tag:stardog:api:eduardo_roberto_junqueira_guimaraes;1;23559;84,79 %
tag:stardog:api:wilmar_da_rocha_dangelis;1;23560;84,80 %
tag:stardog:api:brahman;1;23561;84,80 %
tag:stardog:api:rocha_ferreira;1;23562;84,80 %
tag:stardog:api:camila_codonho;1;23563;84,81 %
tag:stardog:api:gobbi;1;23564;84,81 %
tag:stardog:api:mulher_de_terreiro;1;23565;84,82 %
tag:stardog:api:melipona_quadrifasciata;1;23566;84,82 %
tag:stardog:api:jose_aderaldo_castelo;1;23567;84,82 %
tag:stardog:api:delegacia_da_crianca;1;23568;84,83 %
tag:stardog:api:educationin;1;23569;84,83 %
tag:stardog:api:g350a;1;23570;84,83 %
tag:stardog:api:articulating_knowledge_generated_in_cultural_studies_in_oral_history_in_the_study_of_everyday_life_in_the_production_written_by_brazilian_women_and_black_organizations;1;23571;84,84 %
tag:stardog:api:mauricio_machado;1;23572;84,84 %
tag:stardog:api:dysphania_ambrosioides;1;23573;84,84 %
tag:stardog:api:lazzo_matumbi;1;23574;84,85 %
tag:stardog:api:kuery_ojopy_ma_ramo;1;23575;84,85 %
tag:stardog:api:bioe;1;23576;84,85 %
tag:stardog:api:turner;1;23577;84,86 %
tag:stardog:api:lia_vieira;1;23578;84,86 %
tag:stardog:api:quintin_lame;1;23579;84,87 %
tag:stardog:api:serge_moscovicis_theory_of_social_representations;1;23580;84,87 %
tag:stardog:api:especialmente_aqueles_referentes;1;23581;84,87 %
tag:stardog:api:miguel_gonzalez_arroyo;1;23582;84,88 %
tag:stardog:api:hispanoamerica;1;23583;84,88 %
tag:stardog:api:militao;1;23584;84,88 %
tag:stardog:api:dona_zefa_da_guia;1;23585;84,89 %
tag:stardog:api:joao_reis;1;23586;84,89 %
tag:stardog:api:silva_sobrinho;1;23587;84,89 %
tag:stardog:api:aida_maris_peres;1;23588;84,90 %
tag:stardog:api:orientacao_prof;1;23589;84,90 %
tag:stardog:api:ntoto;1;23590;84,90 %
tag:stardog:api:luciano_bedin_da_costa;1;23591;84,91 %
tag:stardog:api:albuquerque_cabula_vi;1;23592;84,91 %
tag:stardog:api:ditames_da_norma;1;23593;84,92 %
tag:stardog:api:john_singleton;1;23594;84,92 %
tag:stardog:api:keenan;1;23595;84,92 %
tag:stardog:api:livia;1;23596;84,93 %
tag:stardog:api:michael_oakeshott;1;23597;84,93 %
tag:stardog:api:ivai;1;23598;84,93 %
tag:stardog:api:jose_mariano_bento;1;23599;84,94 %
tag:stardog:api:kothe;1;23600;84,94 %
tag:stardog:api:colecao_osvaldo_pilotto;1;23601;84,94 %
tag:stardog:api:hae_guive_oiko_teko_nhemboe;1;23602;84,95 %
tag:stardog:api:joe_carioca;1;23603;84,95 %
tag:stardog:api:pratylenchus;1;23604;84,96 %
tag:stardog:api:mauricio_waldman;1;23605;84,96 %
tag:stardog:api:pieter_godfre_bertichen;1;23606;84,96 %
tag:stardog:api:j_lacan;1;23607;84,97 %
tag:stardog:api:gandhi;1;23608;84,97 %
tag:stardog:api:eefm_jose_de_alencar;1;23609;84,97 %
tag:stardog:api:feb8;1;23610;84,98 %
tag:stardog:api:hagua_itekoha_kuera;1;23611;84,98 %
tag:stardog:api:lek;1;23612;84,98 %
tag:stardog:api:thomas_skidmore;1;23613;84,99 %
tag:stardog:api:iv;1;23614;84,99 %
tag:stardog:api:charles_berg;1;23615;84,99 %
tag:stardog:api:situo;1;23616;85,00 %
tag:stardog:api:igor_chmyz;1;23617;85,00 %
tag:stardog:api:luiz_geraldo_santos_da_silva;1;23618;85,01 %
tag:stardog:api:de_lacos;1;23619;85,01 %
tag:stardog:api:conceicao_evaristo_do_livro_olhos;1;23620;85,01 %
tag:stardog:api:l_braziliensis;1;23621;85,02 %
tag:stardog:api:naturalmente_infectados;1;23622;85,02 %
tag:stardog:api:juan_lopes_de_velasco;1;23623;85,02 %
tag:stardog:api:derek_layder;1;23624;85,03 %
tag:stardog:api:mario_theodoro;1;23625;85,03 %
tag:stardog:api:audiovisualities;1;23626;85,03 %
tag:stardog:api:bedin;1;23627;85,04 %
tag:stardog:api:jean_laplanche;1;23628;85,04 %
tag:stardog:api:violencia_psicologica;1;23629;85,05 %
tag:stardog:api:moda;1;23630;85,05 %
tag:stardog:api:ferrer;1;23631;85,05 %
tag:stardog:api:angello_francisco_carneiro;1;23632;85,06 %
tag:stardog:api:ile_ase_oya_egunita;1;23633;85,06 %
tag:stardog:api:atras;1;23634;85,06 %
tag:stardog:api:octavio_iannis;1;23635;85,07 %
tag:stardog:api:antoniovinao_frago;1;23636;85,07 %
tag:stardog:api:francisco_jose;1;23637;85,07 %
tag:stardog:api:ciencia_cognitiva;1;23638;85,08 %
tag:stardog:api:monica_lima_e_souza;1;23639;85,08 %
tag:stardog:api:casa_real;1;23640;85,08 %
tag:stardog:api:semigrabens;1;23641;85,09 %
tag:stardog:api:baobas;1;23642;85,09 %
tag:stardog:api:jesco;1;23643;85,10 %
tag:stardog:api:nrer;1;23644;85,10 %
tag:stardog:api:gerardo_fulleda_leon;1;23645;85,10 %
tag:stardog:api:folha_da_tarde;1;23646;85,11 %
tag:stardog:api:chacrinha_dos_pretos;1;23647;85,11 %
tag:stardog:api:sois;1;23648;85,11 %
tag:stardog:api:sandra_regina_goulart_almeida;1;23649;85,12 %
tag:stardog:api:arboleda;1;23650;85,12 %
tag:stardog:api:j_b_de_carvalho;1;23651;85,12 %
tag:stardog:api:helena_midori_kashiwagi;1;23652;85,13 %
tag:stardog:api:campos_da_violencia;1;23653;85,13 %
tag:stardog:api:esteperiodo;1;23654;85,14 %
tag:stardog:api:nduduzo;1;23655;85,14 %
tag:stardog:api:t_stenocarpa;1;23656;85,14 %
tag:stardog:api:historia_da;1;23657;85,15 %
tag:stardog:api:brighenti;1;23658;85,15 %
tag:stardog:api:maracle;1;23659;85,15 %
tag:stardog:api:laplantine;1;23660;85,16 %
tag:stardog:api:aderecos_pataxo;1;23661;85,16 %
tag:stardog:api:r_k_narayan;1;23662;85,16 %
tag:stardog:api:bernardo_vasconcelos;1;23663;85,17 %
tag:stardog:api:henri_meschonnic;1;23664;85,17 %
tag:stardog:api:comblin;1;23665;85,17 %
tag:stardog:api:les_fantomes_du_bresil;1;23666;85,18 %
tag:stardog:api:guarani_polo;1;23667;85,18 %
tag:stardog:api:pretitudes;1;23668;85,19 %
tag:stardog:api:jean_genet;1;23669;85,19 %
tag:stardog:api:alcana;1;23670;85,19 %
tag:stardog:api:d_alata;1;23671;85,20 %
tag:stardog:api:malcolm_x_s;1;23672;85,20 %
tag:stardog:api:omo_ode;1;23673;85,20 %
tag:stardog:api:maria_anoria_de_jesus_oliveira;1;23674;85,21 %
tag:stardog:api:jose_maurice_arruti;1;23675;85,21 %
tag:stardog:api:aulaoficina;1;23676;85,21 %
tag:stardog:api:comunidade_sahuape;1;23677;85,22 %
tag:stardog:api:levi_cintra;1;23678;85,22 %
tag:stardog:api:giulio_carlo_argan;1;23679;85,23 %
tag:stardog:api:azoilda_loretto_da_trindade;1;23680;85,23 %
tag:stardog:api:fabiana_sasi;1;23681;85,23 %
tag:stardog:api:jose_carlos_sebe_bom_meihy;1;23682;85,24 %
tag:stardog:api:periodo_do_branqueamento;1;23683;85,24 %
tag:stardog:api:v_cholera;1;23684;85,24 %
tag:stardog:api:mal;1;23685;85,25 %
tag:stardog:api:arandu_umi_ava_kuerape;1;23686;85,25 %
tag:stardog:api:koa_ko_tesareko;1;23687;85,25 %
tag:stardog:api:florentina_de_souza;1;23688;85,26 %
tag:stardog:api:adolf_hitlers;1;23689;85,26 %
tag:stardog:api:mar_eu_vim;1;23690;85,26 %
tag:stardog:api:hernandez;1;23691;85,27 %
tag:stardog:api:c825;1;23692;85,27 %
tag:stardog:api:manuela_c_da_cunha;1;23693;85,28 %
tag:stardog:api:racismo_epistemico;1;23694;85,28 %
tag:stardog:api:gabriela_llanos;1;23695;85,28 %
tag:stardog:api:rich_chamberlin;1;23696;85,29 %
tag:stardog:api:lucio_costa;1;23697;85,29 %
tag:stardog:api:jane_julia_de_oliveira;1;23698;85,29 %
tag:stardog:api:jonatas_conceicao_da_silva;1;23699;85,30 %
tag:stardog:api:elias_antonio_lopes;1;23700;85,30 %
tag:stardog:api:luiz_carlos_cagliari;1;23701;85,30 %
tag:stardog:api:joaquim;1;23702;85,31 %
tag:stardog:api:sua_tradicao_de_pensamento;1;23703;85,31 %
tag:stardog:api:arao_santana;1;23704;85,32 %
tag:stardog:api:chriss;1;23705;85,32 %
tag:stardog:api:ethopharmacy;1;23706;85,32 %
tag:stardog:api:maria_eta_vieira_coorientador;1;23707;85,33 %
tag:stardog:api:capixabae_ev;1;23708;85,33 %
tag:stardog:api:buddha_shakyamuni;1;23709;85,33 %
tag:stardog:api:intentei;1;23710;85,34 %
tag:stardog:api:yawaripe;1;23711;85,34 %
tag:stardog:api:capim_coastcross;1;23712;85,34 %
tag:stardog:api:kuhlmann_jr;1;23713;85,35 %
tag:stardog:api:pedra_lisa;1;23714;85,35 %
tag:stardog:api:gabriel_de_aviles;1;23715;85,35 %
tag:stardog:api:connell;1;23716;85,36 %
tag:stardog:api:nadia_ziroldo;1;23717;85,36 %
tag:stardog:api:tillich;1;23718;85,37 %
tag:stardog:api:guyra_kambiy_lndigenous;1;23719;85,37 %
tag:stardog:api:antenor_firmins;1;23720;85,37 %
tag:stardog:api:chase;1;23721;85,38 %
tag:stardog:api:me;1;23722;85,38 %
tag:stardog:api:gastao_cruls;1;23723;85,38 %
tag:stardog:api:maria_luiza_petzlerler;1;23724;85,39 %
tag:stardog:api:sandra_loureiro_de_freitas_reis;1;23725;85,39 %
tag:stardog:api:aldeia_sol;1;23726;85,39 %
tag:stardog:api:mark;1;23727;85,40 %
tag:stardog:api:empregados_de_padaria;1;23728;85,40 %
tag:stardog:api:luciano_baniwa;1;23729;85,41 %
tag:stardog:api:djanet_sears;1;23730;85,41 %
tag:stardog:api:jeanchristophe_rufin;1;23731;85,41 %
tag:stardog:api:sapucaia_mirim;1;23732;85,42 %
tag:stardog:api:constitucionais_de_igualdade;1;23733;85,42 %
tag:stardog:api:dissimilarity_size;1;23734;85,42 %
tag:stardog:api:paulo_nogueira_da_silva;1;23735;85,43 %
tag:stardog:api:dossiers;1;23736;85,43 %
tag:stardog:api:luis_cruls;1;23737;85,43 %
tag:stardog:api:norma_ferreira;1;23738;85,44 %
tag:stardog:api:benedito_fontes;1;23739;85,44 %
tag:stardog:api:mimiviridae;1;23740;85,44 %
tag:stardog:api:lutzomyia;1;23741;85,45 %
tag:stardog:api:celeste_zenha;1;23742;85,45 %
tag:stardog:api:coelho_tacariju;1;23743;85,46 %
tag:stardog:api:p_fischeri;1;23744;85,46 %
tag:stardog:api:ana_laura;1;23745;85,46 %
tag:stardog:api:social_evolutionism;1;23746;85,47 %
tag:stardog:api:s_cumini;1;23747;85,47 %
tag:stardog:api:alfredo_pinto_damaso;1;23748;85,47 %
tag:stardog:api:philippe_descolas;1;23749;85,48 %
tag:stardog:api:raquel_recuero;1;23750;85,48 %
tag:stardog:api:bpca;1;23751;85,48 %
tag:stardog:api:como_demonstracoes;1;23752;85,49 %
tag:stardog:api:voi_ojerure;1;23753;85,49 %
tag:stardog:api:emilia_freitas;1;23754;85,50 %
tag:stardog:api:carthamus_tinctorius;1;23755;85,50 %
tag:stardog:api:danio_rerio;1;23756;85,50 %
tag:stardog:api:cantuaria;1;23757;85,51 %
tag:stardog:api:jose_antonio_dias_de_abreu;1;23758;85,51 %
tag:stardog:api:daniela_amoroso;1;23759;85,51 %
tag:stardog:api:joycean;1;23760;85,52 %
tag:stardog:api:abhinavagupta;1;23761;85,52 %
tag:stardog:api:redemocratizacoes;1;23762;85,52 %
tag:stardog:api:batuku;1;23763;85,53 %
tag:stardog:api:erik_killmonger;1;23764;85,53 %
tag:stardog:api:marco_bechis;1;23765;85,53 %
tag:stardog:api:john_ford;1;23766;85,54 %
tag:stardog:api:pablo_mamani;1;23767;85,54 %
tag:stardog:api:takayanagi;1;23768;85,55 %
tag:stardog:api:oton_gomes_de_lima;1;23769;85,55 %
tag:stardog:api:miers;1;23770;85,55 %
tag:stardog:api:colegio_marista_gloria;1;23771;85,56 %
tag:stardog:api:timothy_leary;1;23772;85,56 %
tag:stardog:api:grao_moido;1;23773;85,56 %
tag:stardog:api:claudio_melo;1;23774;85,57 %
tag:stardog:api:c_furcata;1;23775;85,57 %
tag:stardog:api:nada_como;1;23776;85,57 %
tag:stardog:api:viagem_filosofica;1;23777;85,58 %
tag:stardog:api:haugen;1;23778;85,58 %
tag:stardog:api:sociedade_libertadora_cachoeirana;1;23779;85,59 %
tag:stardog:api:xyleborinus_saxeseni;1;23780;85,59 %
tag:stardog:api:henri;1;23781;85,59 %
tag:stardog:api:aracy_lopes_da_silva;1;23782;85,60 %
tag:stardog:api:tnia_stolze_de_lima;1;23783;85,60 %
tag:stardog:api:adam;1;23784;85,60 %
tag:stardog:api:nadir_nobrega_de_oliveira;1;23785;85,61 %
tag:stardog:api:santos_souza;1;23786;85,61 %
tag:stardog:api:sugeri;1;23787;85,61 %
tag:stardog:api:orunmila;1;23788;85,62 %
tag:stardog:api:wentzel;1;23789;85,62 %
tag:stardog:api:alexandro_henrique_paixao;1;23790;85,62 %
tag:stardog:api:napoleao_bonaparte;1;23791;85,63 %
tag:stardog:api:john_henry_elliott;1;23792;85,63 %
tag:stardog:api:avicennia_schaueriana;1;23793;85,64 %
tag:stardog:api:kaiap;1;23794;85,64 %
tag:stardog:api:marcia_maria_tait_lima;1;23795;85,64 %
tag:stardog:api:oxala_de_jacunday;1;23796;85,65 %
tag:stardog:api:xango_terreiros;1;23797;85,65 %
tag:stardog:api:mel_duarte;1;23798;85,65 %
tag:stardog:api:lbg;1;23799;85,66 %
tag:stardog:api:animais;1;23800;85,66 %
tag:stardog:api:beatriz_viegasfaria;1;23801;85,66 %
tag:stardog:api:m_hemipterus;1;23802;85,67 %
tag:stardog:api:bulea;1;23803;85,67 %
tag:stardog:api:revisionar;1;23804;85,68 %
tag:stardog:api:sustancas;1;23805;85,68 %
tag:stardog:api:davi_arrigucci_jr;1;23806;85,68 %
tag:stardog:api:continue;1;23807;85,69 %
tag:stardog:api:sonhos;1;23808;85,69 %
tag:stardog:api:eloy_chaves;1;23809;85,69 %
tag:stardog:api:kogunh_mag;1;23810;85,70 %
tag:stardog:api:dilma_ferreira_silva;1;23811;85,70 %
tag:stardog:api:adelia_azevedo;1;23812;85,70 %
tag:stardog:api:jaqueline_authierrevuz;1;23813;85,71 %
tag:stardog:api:uwe_flick;1;23814;85,71 %
tag:stardog:api:tania_terezinha_da_silva;1;23815;85,71 %
tag:stardog:api:fromm;1;23816;85,72 %
tag:stardog:api:compadrio;1;23817;85,72 %
tag:stardog:api:casimiro_beksta;1;23818;85,73 %
tag:stardog:api:dr_vinicius_honesko_nicastro;1;23819;85,73 %
tag:stardog:api:nigri;1;23820;85,73 %
tag:stardog:api:performances;1;23821;85,74 %
tag:stardog:api:ana_maria_de_oliveira_buemester;1;23822;85,74 %
tag:stardog:api:nelson_carvalho_marcellino;1;23823;85,74 %
tag:stardog:api:thalita_reboucas;1;23824;85,75 %
tag:stardog:api:mandelas_way;1;23825;85,75 %
tag:stardog:api:avacanoeiro_program;1;23826;85,75 %
tag:stardog:api:silva_apinage;1;23827;85,76 %
tag:stardog:api:kihti_ukuse;1;23828;85,76 %
tag:stardog:api:vanessa_r_lea;1;23829;85,77 %
tag:stardog:api:olive_gilberts;1;23830;85,77 %
tag:stardog:api:deamoeste;1;23831;85,77 %
tag:stardog:api:miguel_gonzales_arroyo;1;23832;85,78 %
tag:stardog:api:marta;1;23833;85,78 %
tag:stardog:api:rejane_rocha;1;23834;85,78 %
tag:stardog:api:rene_barbier;1;23835;85,79 %
tag:stardog:api:modelos_lineares;1;23836;85,79 %
tag:stardog:api:jeanbaptiste_debret;1;23837;85,79 %
tag:stardog:api:valda_nogueira;1;23838;85,80 %
tag:stardog:api:robert_stam;1;23839;85,80 %
tag:stardog:api:ermitao;1;23840;85,80 %
tag:stardog:api:weberiana;1;23841;85,81 %
tag:stardog:api:feira_de_santanabahia;1;23842;85,81 %
tag:stardog:api:joao_alexandre_barbosa;1;23843;85,82 %
tag:stardog:api:simas__pereira;1;23844;85,82 %
tag:stardog:api:g_ternetzi;1;23845;85,82 %
tag:stardog:api:juliana_borges;1;23846;85,83 %
tag:stardog:api:leandro_rodrigues;1;23847;85,83 %
tag:stardog:api:tupac_amaru;1;23848;85,83 %
tag:stardog:api:ees;1;23849;85,84 %
tag:stardog:api:prosistema_unico_de_saude;1;23850;85,84 %
tag:stardog:api:lino_pinto_guedes;1;23851;85,84 %
tag:stardog:api:mendonca_do_amarelao;1;23852;85,85 %
tag:stardog:api:francois_rabelais;1;23853;85,85 %
tag:stardog:api:eliana_rodrigues;1;23854;85,86 %
tag:stardog:api:spondias_tuberosa_arruda;1;23855;85,86 %
tag:stardog:api:psycoinfo;1;23856;85,86 %
tag:stardog:api:timothy_spaulding;1;23857;85,87 %
tag:stardog:api:nilce_de_pontes_pereira_do_santos;1;23858;85,87 %
tag:stardog:api:dom_frederico;1;23859;85,87 %
tag:stardog:api:levine;1;23860;85,88 %
tag:stardog:api:eni_orlandi_s;1;23861;85,88 %
tag:stardog:api:itamar_assumpcao;1;23862;85,88 %
tag:stardog:api:dulce;1;23863;85,89 %
tag:stardog:api:degbrix;1;23864;85,89 %
tag:stardog:api:ana_julia_carepa;1;23865;85,89 %
tag:stardog:api:martim_correia_vasques;1;23866;85,90 %
tag:stardog:api:rachel_lewinsohn;1;23867;85,90 %
tag:stardog:api:cura;1;23868;85,91 %
tag:stardog:api:reafirmo;1;23869;85,91 %
tag:stardog:api:apyawa;1;23870;85,91 %
tag:stardog:api:rene_ribeiro;1;23871;85,92 %
tag:stardog:api:linha_abissal;1;23872;85,92 %
tag:stardog:api:louisjean_calvet;1;23873;85,92 %
tag:stardog:api:nadia_gaiofatto_goncalves;1;23874;85,93 %
tag:stardog:api:celdo_braga;1;23875;85,93 %
tag:stardog:api:mikail_bakthin;1;23876;85,93 %
tag:stardog:api:kahn;1;23877;85,94 %
tag:stardog:api:yolanda_arroyo_pizarro;1;23878;85,94 %
tag:stardog:api:microbiologia;1;23879;85,95 %
tag:stardog:api:comandante_garcia_d_avila;1;23880;85,95 %
tag:stardog:api:adsd1;1;23881;85,95 %
tag:stardog:api:beatriz_cabral;1;23882;85,96 %
tag:stardog:api:gaussbonnet;1;23883;85,96 %
tag:stardog:api:ainda_inferir_como_se;1;23884;85,96 %
tag:stardog:api:t_i_igarape_lourdes;1;23885;85,97 %
tag:stardog:api:foram_distribuidos;1;23886;85,97 %
tag:stardog:api:zami;1;23887;85,97 %
tag:stardog:api:neusa_sousa_santos;1;23888;85,98 %
tag:stardog:api:campesterol;1;23889;85,98 %
tag:stardog:api:marcelo_neves;1;23890;85,98 %
tag:stardog:api:ritmitos_argilocarbonaticos;1;23891;85,99 %
tag:stardog:api:vargas_avenue;1;23892;85,99 %
tag:stardog:api:abelardo_rodrigues;1;23893;86,00 %
tag:stardog:api:souza_ribeiro;1;23894;86,00 %
tag:stardog:api:shils;1;23895;86,00 %
tag:stardog:api:l_longipalpis;1;23896;86,01 %
tag:stardog:api:homi_bhaha;1;23897;86,01 %
tag:stardog:api:celso_luiz_prudente;1;23898;86,01 %
tag:stardog:api:patronato_magarino_torres;1;23899;86,02 %
tag:stardog:api:robinson;1;23900;86,02 %
tag:stardog:api:coll;1;23901;86,02 %
tag:stardog:api:teve;1;23902;86,03 %
tag:stardog:api:mae_neide;1;23903;86,03 %
tag:stardog:api:taysa_schiocchet;1;23904;86,04 %
tag:stardog:api:entrevistei;1;23905;86,04 %
tag:stardog:api:rick_wakeman;1;23906;86,04 %
tag:stardog:api:nicholas_mirzoeff;1;23907;86,05 %
tag:stardog:api:john_mbiti;1;23908;86,05 %
tag:stardog:api:grafitti;1;23909;86,05 %
tag:stardog:api:nelson_mutzie_rikbaktsa;1;23910;86,06 %
tag:stardog:api:fotocatalisadores;1;23911;86,06 %
tag:stardog:api:joao_batista;1;23912;86,06 %
tag:stardog:api:cues;1;23913;86,07 %
tag:stardog:api:segado;1;23914;86,07 %
tag:stardog:api:mauricio_tizumba;1;23915;86,07 %
tag:stardog:api:suzy_maria_lagazzi;1;23916;86,08 %
tag:stardog:api:souza_e_silva;1;23917;86,08 %
tag:stardog:api:secretarios_municipais;1;23918;86,09 %
tag:stardog:api:eduardo_coutinhos;1;23919;86,09 %
tag:stardog:api:carlos_vogt;1;23920;86,09 %
tag:stardog:api:mi_ite;1;23921;86,10 %
tag:stardog:api:garrett_hardin;1;23922;86,10 %
tag:stardog:api:compreendendo_tres_periodos;1;23923;86,10 %
tag:stardog:api:gynerium_sagittatum;1;23924;86,11 %
tag:stardog:api:king;1;23925;86,11 %
tag:stardog:api:andila_nivygsanh_inacio;1;23926;86,11 %
tag:stardog:api:luis_xavier_de_jesus;1;23927;86,12 %
tag:stardog:api:artur_de_sa_e_meneses;1;23928;86,12 %
tag:stardog:api:vladimir_propp;1;23929;86,13 %
tag:stardog:api:stefania_capone;1;23930;86,13 %
tag:stardog:api:baines;1;23931;86,13 %
tag:stardog:api:brs_thap_maeo;1;23932;86,14 %
tag:stardog:api:mesocheira_bicolor;1;23933;86,14 %
tag:stardog:api:fontes;1;23934;86,14 %
tag:stardog:api:carolina_gabas;1;23935;86,15 %
tag:stardog:api:claudia_silva_ferreira;1;23936;86,15 %
tag:stardog:api:dr_marcelo_paiva_de_souza;1;23937;86,15 %
tag:stardog:api:joao_pessoa_city;1;23938;86,16 %
tag:stardog:api:vo_mera;1;23939;86,16 %
tag:stardog:api:criticas_literarias;1;23940;86,16 %
tag:stardog:api:ana_maria;1;23941;86,17 %
tag:stardog:api:dr_francisco_javier_calvo_del_olmo;1;23942;86,17 %
tag:stardog:api:schafer;1;23943;86,18 %
tag:stardog:api:delorymomberger;1;23944;86,18 %
tag:stardog:api:curiau;1;23945;86,18 %
tag:stardog:api:pierre_dardot;1;23946;86,19 %
tag:stardog:api:h2ac4pfph;1;23947;86,19 %
tag:stardog:api:velha_praga;1;23948;86,19 %
tag:stardog:api:naine_terena;1;23949;86,20 %
tag:stardog:api:domingos_alves_branco_muniz_barreto;1;23950;86,20 %
tag:stardog:api:ressalta;1;23951;86,20 %
tag:stardog:api:virginia_mara_prospero_da_cunha;1;23952;86,21 %
tag:stardog:api:sbin;1;23953;86,21 %
tag:stardog:api:gary_l_francione;1;23954;86,22 %
tag:stardog:api:makushi;1;23955;86,22 %
tag:stardog:api:jacob;1;23956;86,22 %
tag:stardog:api:p57;1;23957;86,23 %
tag:stardog:api:uma_proposta_didaticopedagogica;1;23958;86,23 %
tag:stardog:api:van_dijks;1;23959;86,23 %
tag:stardog:api:vron_ware;1;23960;86,24 %
tag:stardog:api:huysmans;1;23961;86,24 %
tag:stardog:api:evaldo_santos_rosa;1;23962;86,24 %
tag:stardog:api:maria_aparecida_campos_diniz_de_castro;1;23963;86,25 %
tag:stardog:api:xavante_people;1;23964;86,25 %
tag:stardog:api:akin;1;23965;86,25 %
tag:stardog:api:coleman;1;23966;86,26 %
tag:stardog:api:berenice_piana;1;23967;86,26 %
tag:stardog:api:eduardo_etzel;1;23968;86,27 %
tag:stardog:api:especialmente_de_antocianinas;1;23969;86,27 %
tag:stardog:api:emjh;1;23970;86,27 %
tag:stardog:api:interseccionalidades;1;23971;86,28 %
tag:stardog:api:mauricio_rocha_e_silva;1;23972;86,28 %
tag:stardog:api:gaucho;1;23973;86,28 %
tag:stardog:api:marion_andreoli;1;23974;86,29 %
tag:stardog:api:afirmativa_plural;1;23975;86,29 %
tag:stardog:api:riviere;1;23976;86,29 %
tag:stardog:api:propp;1;23977;86,30 %
tag:stardog:api:ana_maria_monteiro;1;23978;86,30 %
tag:stardog:api:yves_surel;1;23979;86,31 %
tag:stardog:api:samuel_moore;1;23980;86,31 %
tag:stardog:api:yasmin_thayna;1;23981;86,31 %
tag:stardog:api:educador_social;1;23982;86,32 %
tag:stardog:api:claudia_mcteer;1;23983;86,32 %
tag:stardog:api:p0013;1;23984;86,32 %
tag:stardog:api:thermochemolysis_gcms;1;23985;86,33 %
tag:stardog:api:cozimento;1;23986;86,33 %
tag:stardog:api:charaudeaus_semiolinguistic_theory;1;23987;86,33 %
tag:stardog:api:kanhgag_coroado;1;23988;86,34 %
tag:stardog:api:vitor_toledo;1;23989;86,34 %
tag:stardog:api:maya_pedrosa;1;23990;86,34 %
tag:stardog:api:normalizaveis;1;23991;86,35 %
tag:stardog:api:kheentuwaye;1;23992;86,35 %
tag:stardog:api:jose_do_egito;1;23993;86,36 %
tag:stardog:api:macooshi;1;23994;86,36 %
tag:stardog:api:conceito_de_interseccionalidade_como_ferramenta_teoricometodologica_e_pratica;1;23995;86,36 %
tag:stardog:api:collectivize;1;23996;86,37 %
tag:stardog:api:canjerana;1;23997;86,37 %
tag:stardog:api:oin_vae;1;23998;86,37 %
tag:stardog:api:synthetically;1;23999;86,38 %
tag:stardog:api:andrea;1;24000;86,38 %
tag:stardog:api:le_clezio;1;24001;86,38 %
tag:stardog:api:particleboards;1;24002;86,39 %
tag:stardog:api:sociologia_de_relacoes_raciais;1;24003;86,39 %
tag:stardog:api:maria_margarida_duarte;1;24004;86,40 %
tag:stardog:api:etnia_brasileira;1;24005;86,40 %
tag:stardog:api:fora_lixao;1;24006;86,40 %
tag:stardog:api:lcmsms;1;24007;86,41 %
tag:stardog:api:minacu;1;24008;86,41 %
tag:stardog:api:raquel_salek_fiad;1;24009;86,41 %
tag:stardog:api:marcus;1;24010;86,42 %
tag:stardog:api:bayesiana;1;24011;86,42 %
tag:stardog:api:carlos_rodrigues_brandao_s;1;24012;86,42 %
tag:stardog:api:jucaral;1;24013;86,43 %
tag:stardog:api:claudia_valladao_de_mattos;1;24014;86,43 %
tag:stardog:api:g_citricarpaby;1;24015;86,43 %
tag:stardog:api:damiani;1;24016;86,44 %
tag:stardog:api:antonio_jaco_brand;1;24017;86,44 %
tag:stardog:api:safia_elhillo;1;24018;86,45 %
tag:stardog:api:maria_coleta_ferreira_albino_de_oliveira;1;24019;86,45 %
tag:stardog:api:opalma;1;24020;86,45 %
tag:stardog:api:bortoni_ricardo;1;24021;86,46 %
tag:stardog:api:paulo_cesar_rodrigues_carrano;1;24022;86,46 %
tag:stardog:api:luis_xavier_petitioned;1;24023;86,46 %
tag:stardog:api:julha_franz;1;24024;86,47 %
tag:stardog:api:angela_garden;1;24025;86,47 %
tag:stardog:api:snowballl;1;24026;86,47 %
tag:stardog:api:tuicha_voi;1;24027;86,48 %
tag:stardog:api:sheila_khan;1;24028;86,48 %
tag:stardog:api:maneira_como_se;1;24029;86,49 %
tag:stardog:api:subbacias_hidrograficas;1;24030;86,49 %
tag:stardog:api:walter_jobim;1;24031;86,49 %
tag:stardog:api:ana_flavia_pinto;1;24032;86,50 %
tag:stardog:api:boahen;1;24033;86,50 %
tag:stardog:api:r_d;1;24034;86,50 %
tag:stardog:api:governamental_de_politicas_de_igualdade_racial;1;24035;86,51 %
tag:stardog:api:luana_hansen;1;24036;86,51 %
tag:stardog:api:atoreschave;1;24037;86,51 %
tag:stardog:api:strzelecka;1;24038;86,52 %
tag:stardog:api:i_cayanensis_pyrrhopterus;1;24039;86,52 %
tag:stardog:api:sonia_pavao;1;24040;86,52 %
tag:stardog:api:salete_kozel_teixeira;1;24041;86,53 %
tag:stardog:api:anita_desai;1;24042;86,53 %
tag:stardog:api:oyaci;1;24043;86,54 %
tag:stardog:api:lagrangeana;1;24044;86,54 %
tag:stardog:api:bradin;1;24045;86,54 %
tag:stardog:api:ladjane_alves_souza;1;24046;86,55 %
tag:stardog:api:bolsonaro_opressor_20;1;24047;86,55 %
tag:stardog:api:roberto_correia_de_araujo;1;24048;86,55 %
tag:stardog:api:grun;1;24049;86,56 %
tag:stardog:api:numa_identidade_positiva;1;24050;86,56 %
tag:stardog:api:aacpd;1;24051;86,56 %
tag:stardog:api:ordenanzas;1;24052;86,57 %
tag:stardog:api:tres_coracoes;1;24053;86,57 %
tag:stardog:api:joaquim_pedro_de_oliveira_martins;1;24054;86,58 %
tag:stardog:api:simone_silva_alves;1;24055;86,58 %
tag:stardog:api:campos_correa;1;24056;86,58 %
tag:stardog:api:maria_de_lourdes_da;1;24057;86,59 %
tag:stardog:api:fog;1;24058;86,59 %
tag:stardog:api:basil_bernstein;1;24059;86,59 %
tag:stardog:api:mozart_linhares_da_silva;1;24060;86,60 %
tag:stardog:api:tekoteve_ojejapo_tuichave;1;24061;86,60 %
tag:stardog:api:anny_katielle_laurindo;1;24062;86,60 %
tag:stardog:api:onomastico;1;24063;86,61 %
tag:stardog:api:tainung;1;24064;86,61 %
tag:stardog:api:celeiro_publico_da_bahia;1;24065;86,61 %
tag:stardog:api:wagley_charles;1;24066;86,62 %
tag:stardog:api:neumann;1;24067;86,62 %
tag:stardog:api:moleque;1;24068;86,63 %
tag:stardog:api:sulamy_katy;1;24069;86,63 %
tag:stardog:api:gomes_e_silva;1;24070;86,63 %
tag:stardog:api:luiz_antonio_rossi;1;24071;86,64 %
tag:stardog:api:cataloge;1;24072;86,64 %
tag:stardog:api:constant_tastevin;1;24073;86,64 %
tag:stardog:api:hedge;1;24074;86,65 %
tag:stardog:api:ubaldo_arandu_kuemi;1;24075;86,65 %
tag:stardog:api:alberto_mellucci;1;24076;86,65 %
tag:stardog:api:rubem_murilo_leao_rego;1;24077;86,66 %
tag:stardog:api:regina_facchini;1;24078;86,66 %
tag:stardog:api:geopoetry;1;24079;86,66 %
tag:stardog:api:maria_carolina_boverio_galzerani;1;24080;86,67 %
tag:stardog:api:cartola;1;24081;86,67 %
tag:stardog:api:fernao_pessoa_de_almeida_ramos;1;24082;86,68 %
tag:stardog:api:kishimoto;1;24083;86,68 %
tag:stardog:api:joao_pilatos;1;24084;86,68 %
tag:stardog:api:esqueleto;1;24085;86,69 %
tag:stardog:api:amana_lake;1;24086;86,69 %
tag:stardog:api:cgem;1;24087;86,69 %
tag:stardog:api:sers;1;24088;86,70 %
tag:stardog:api:michael_omi;1;24089;86,70 %
tag:stardog:api:beleza_negra;1;24090;86,70 %
tag:stardog:api:breno_vinicius;1;24091;86,71 %
tag:stardog:api:antonio_roberto_guerreio_junior;1;24092;86,71 %
tag:stardog:api:diamond;1;24093;86,72 %
tag:stardog:api:igrapiuna;1;24094;86,72 %
tag:stardog:api:taisa_borges;1;24095;86,72 %
tag:stardog:api:basilio_de_brito;1;24096;86,73 %
tag:stardog:api:antonia_maria_de_jesus;1;24097;86,73 %
tag:stardog:api:nas_sojas_de_coloracao;1;24098;86,73 %
tag:stardog:api:zigzag;1;24099;86,74 %
tag:stardog:api:capitao_muniz_barreto;1;24100;86,74 %
tag:stardog:api:damiao_paridzane;1;24101;86,74 %
tag:stardog:api:augusto_b_leguia;1;24102;86,75 %
tag:stardog:api:musa;1;24103;86,75 %
tag:stardog:api:raimundo_irineu_serra;1;24104;86,75 %
tag:stardog:api:b_neuwiedi;1;24105;86,76 %
tag:stardog:api:denise_de_camargo;1;24106;86,76 %
tag:stardog:api:jurupary;1;24107;86,77 %
tag:stardog:api:dr_sigmar_de_mello_rode;1;24108;86,77 %
tag:stardog:api:henri_jenkins;1;24109;86,77 %
tag:stardog:api:cristina_maria_teixeira_stevens;1;24110;86,78 %
tag:stardog:api:sonia_bone_guajajara;1;24111;86,78 %
tag:stardog:api:rita_segatto;1;24112;86,78 %
tag:stardog:api:eugenio_trivinho;1;24113;86,79 %
tag:stardog:api:pathovars_raphani;1;24114;86,79 %
tag:stardog:api:maldonado_torres;1;24115;86,79 %
tag:stardog:api:milton_barbosa;1;24116;86,80 %
tag:stardog:api:brahs;1;24117;86,80 %
tag:stardog:api:luria_bertani;1;24118;86,81 %
tag:stardog:api:julio_cortazar;1;24119;86,81 %
tag:stardog:api:de_formacao_de_agenda_de_kingdon;1;24120;86,81 %
tag:stardog:api:luiz_mott;1;24121;86,82 %
tag:stardog:api:geosite;1;24122;86,82 %
tag:stardog:api:rom_harre;1;24123;86,82 %
tag:stardog:api:venuti;1;24124;86,83 %
tag:stardog:api:maria_jose;1;24125;86,83 %
tag:stardog:api:kimbundu;1;24126;86,83 %
tag:stardog:api:wr;1;24127;86,84 %
tag:stardog:api:lorena_aguiar;1;24128;86,84 %
tag:stardog:api:ananse;1;24129;86,84 %
tag:stardog:api:brasilians_hegde_funds;1;24130;86,85 %
tag:stardog:api:feuerstein;1;24131;86,85 %
tag:stardog:api:cbcl;1;24132;86,86 %
tag:stardog:api:peixa_oin_va;1;24133;86,86 %
tag:stardog:api:hj;1;24134;86,86 %
tag:stardog:api:brasil1988;1;24135;86,87 %
tag:stardog:api:zulmira_cardoso;1;24136;86,87 %
tag:stardog:api:xylosandrus_retusus;1;24137;86,87 %
tag:stardog:api:anderson_oliva;1;24138;86,88 %
tag:stardog:api:chinen;1;24139;86,88 %
tag:stardog:api:maria_quiteria;1;24140;86,88 %
tag:stardog:api:diego_jesus;1;24141;86,89 %
tag:stardog:api:antonio_felipe_camarao;1;24142;86,89 %
tag:stardog:api:lemkin;1;24143;86,90 %
tag:stardog:api:apon;1;24144;86,90 %
tag:stardog:api:birman;1;24145;86,90 %
tag:stardog:api:chiriguano_guarani;1;24146;86,91 %
tag:stardog:api:dr_jose_edmilson_souza_lima;1;24147;86,91 %
tag:stardog:api:andre_martins;1;24148;86,91 %
tag:stardog:api:rebordamos;1;24149;86,92 %
tag:stardog:api:swan;1;24150;86,92 %
tag:stardog:api:allelopathy;1;24151;86,92 %
tag:stardog:api:migliorin;1;24152;86,93 %
tag:stardog:api:patricia_hill;1;24153;86,93 %
tag:stardog:api:friedmann;1;24154;86,93 %
tag:stardog:api:paciulli;1;24155;86,94 %
tag:stardog:api:profa_dra_tania_maria_baibich;1;24156;86,94 %
tag:stardog:api:joao_grilo;1;24157;86,95 %
tag:stardog:api:regina_leite_garcia;1;24158;86,95 %
tag:stardog:api:gua_rosada_e_sardonia;1;24159;86,95 %
tag:stardog:api:paleotetis;1;24160;86,96 %
tag:stardog:api:edgar_allan_poe;1;24161;86,96 %
tag:stardog:api:aguilera;1;24162;86,96 %
tag:stardog:api:oliver_c_cox;1;24163;86,97 %
tag:stardog:api:kaingang_basketwork;1;24164;86,97 %
tag:stardog:api:luis_roberto_andrade_quesada;1;24165;86,97 %
tag:stardog:api:garantia_da_lei;1;24166;86,98 %
tag:stardog:api:oxido;1;24167;86,98 %
tag:stardog:api:reimey_solange;1;24168;86,99 %
tag:stardog:api:demasiado_humano_i;1;24169;86,99 %
tag:stardog:api:prigogine;1;24170;86,99 %
tag:stardog:api:edson_carvalho;1;24171;87,00 %
tag:stardog:api:mar_que_banha;1;24172;87,00 %
tag:stardog:api:he_ju_d;1;24173;87,00 %
tag:stardog:api:marilene_correa_da_silva_freitas;1;24174;87,01 %
tag:stardog:api:fabricius;1;24175;87,01 %
tag:stardog:api:nelore;1;24176;87,01 %
tag:stardog:api:lowe;1;24177;87,02 %
tag:stardog:api:appel;1;24178;87,02 %
tag:stardog:api:eca_de_queiros;1;24179;87,02 %
tag:stardog:api:mano_eloy;1;24180;87,03 %
tag:stardog:api:mario_lucio_duarte_costa;1;24181;87,03 %
tag:stardog:api:himantopus;1;24182;87,04 %
tag:stardog:api:boitata;1;24183;87,04 %
tag:stardog:api:hudsonweems;1;24184;87,04 %
tag:stardog:api:multiliteracies;1;24185;87,05 %
tag:stardog:api:lola_aniyar_de_castro;1;24186;87,05 %
tag:stardog:api:souzalobo;1;24187;87,05 %
tag:stardog:api:ivone_gebara;1;24188;87,06 %
tag:stardog:api:rubem_george_oliven;1;24189;87,06 %
tag:stardog:api:donald_trump;1;24190;87,06 %
tag:stardog:api:gloria_bordini;1;24191;87,07 %
tag:stardog:api:jack_da_guitarra;1;24192;87,07 %
tag:stardog:api:brochier;1;24193;87,08 %
tag:stardog:api:mallophages;1;24194;87,08 %
tag:stardog:api:marcella_pereira_barbosa;1;24195;87,08 %
tag:stardog:api:tear_da_palavra;1;24196;87,09 %
tag:stardog:api:correio_braziliense;1;24197;87,09 %
tag:stardog:api:protasio_frikel;1;24198;87,09 %
tag:stardog:api:skovsmose;1;24199;87,10 %
tag:stardog:api:cabeca_vermelha;1;24200;87,10 %
tag:stardog:api:marshall_mcluchan;1;24201;87,10 %
tag:stardog:api:ca3;1;24202;87,11 %
tag:stardog:api:povinelli;1;24203;87,11 %
tag:stardog:api:profa_dr_a_juliana_quadros;1;24204;87,11 %
tag:stardog:api:s_chalhoub;1;24205;87,12 %
tag:stardog:api:2012c;1;24206;87,12 %
tag:stardog:api:eliana_yunes;1;24207;87,13 %
tag:stardog:api:pedro_alvares_cabral;1;24208;87,13 %
tag:stardog:api:laura_de_mello_e_souza;1;24209;87,13 %
tag:stardog:api:acpzm;1;24210;87,14 %
tag:stardog:api:renato_emerson_santos;1;24211;87,14 %
tag:stardog:api:jose_miguel_rasia;1;24212;87,14 %
tag:stardog:api:lelis;1;24213;87,15 %
tag:stardog:api:dom_samuel_ruiz_garcia;1;24214;87,15 %
tag:stardog:api:ernesto_de_carvalho;1;24215;87,15 %
tag:stardog:api:luiza_margarida_portugal_de_barros;1;24216;87,16 %
tag:stardog:api:mestres;1;24217;87,16 %
tag:stardog:api:dotora;1;24218;87,17 %
tag:stardog:api:kinja;1;24219;87,17 %
tag:stardog:api:feminista_negro;1;24220;87,17 %
tag:stardog:api:maria_ribeiro;1;24221;87,18 %
tag:stardog:api:v;1;24222;87,18 %
tag:stardog:api:de_feira_de_santana;1;24223;87,18 %
tag:stardog:api:griffins;1;24224;87,19 %
tag:stardog:api:koji;1;24225;87,19 %
tag:stardog:api:betty_de_hart;1;24226;87,19 %
tag:stardog:api:jongo_dito_ribeiro;1;24227;87,20 %
tag:stardog:api:eragrotis;1;24228;87,20 %
tag:stardog:api:inciso_ii;1;24229;87,20 %
tag:stardog:api:labibe_araujo;1;24230;87,21 %
tag:stardog:api:maria_zila_teixeira_de_matos;1;24231;87,21 %
tag:stardog:api:marianne_hirsch;1;24232;87,22 %
tag:stardog:api:adolfo_bezerra_de_menezes;1;24233;87,22 %
tag:stardog:api:blanc;1;24234;87,22 %
tag:stardog:api:emsis;1;24235;87,23 %
tag:stardog:api:pituka_nirobe;1;24236;87,23 %
tag:stardog:api:n_intermedia;1;24237;87,23 %
tag:stardog:api:jacy_de_assis;1;24238;87,24 %
tag:stardog:api:ernesto_laclau;1;24239;87,24 %
tag:stardog:api:mbae_megua;1;24240;87,24 %
tag:stardog:api:vanda_ferreira;1;24241;87,25 %
tag:stardog:api:g_citricarpafrom;1;24242;87,25 %
tag:stardog:api:robert_rosenstone;1;24243;87,26 %
tag:stardog:api:demerval_da_fonseca;1;24244;87,26 %
tag:stardog:api:douglass_north;1;24245;87,26 %
tag:stardog:api:sayad;1;24246;87,27 %
tag:stardog:api:hardness;1;24247;87,27 %
tag:stardog:api:michelle_mattiuzzi;1;24248;87,27 %
tag:stardog:api:eugenea;1;24249;87,28 %
tag:stardog:api:therefore;1;24250;87,28 %
tag:stardog:api:raul_bopp;1;24251;87,28 %
tag:stardog:api:leste;1;24252;87,29 %
tag:stardog:api:anta_ii;1;24253;87,29 %
tag:stardog:api:joao_pacheco_de_oliveira_filho;1;24254;87,29 %
tag:stardog:api:loan_blends;1;24255;87,30 %
tag:stardog:api:kumirayoma;1;24256;87,30 %
tag:stardog:api:myrcia;1;24257;87,31 %
tag:stardog:api:hagua;1;24258;87,31 %
tag:stardog:api:natalina_teve;1;24259;87,31 %
tag:stardog:api:miri_katy;1;24260;87,32 %
tag:stardog:api:kiely;1;24261;87,32 %
tag:stardog:api:ana_patricia_noguera;1;24262;87,32 %
tag:stardog:api:area_iv;1;24263;87,33 %
tag:stardog:api:daucus_carota;1;24264;87,33 %
tag:stardog:api:simon_bolivar;1;24265;87,33 %
tag:stardog:api:gabriel_nascimentos;1;24266;87,34 %
tag:stardog:api:aguinaldo_dos_santos;1;24267;87,34 %
tag:stardog:api:gfed4s;1;24268;87,35 %
tag:stardog:api:necessart;1;24269;87,35 %
tag:stardog:api:fidelia_cordoba;1;24270;87,35 %
tag:stardog:api:tirss;1;24271;87,36 %
tag:stardog:api:professora_doutora_cloris_porto_torquato;1;24272;87,36 %
tag:stardog:api:souseana;1;24273;87,36 %
tag:stardog:api:joao_paulo_batista_de_carvalho;1;24274;87,37 %
tag:stardog:api:africandescendant;1;24275;87,37 %
tag:stardog:api:dona_maria_das_neves_santana;1;24276;87,37 %
tag:stardog:api:joao_simoes_lopes_neto;1;24277;87,38 %
tag:stardog:api:warren_buffet;1;24278;87,38 %
tag:stardog:api:paranhana;1;24279;87,38 %
tag:stardog:api:antonio_castillo_gomez;1;24280;87,39 %
tag:stardog:api:bento_de_souza_e_menezes;1;24281;87,39 %
tag:stardog:api:genet;1;24282;87,40 %
tag:stardog:api:julia_varela;1;24283;87,40 %
tag:stardog:api:loic_wacquant;1;24284;87,40 %
tag:stardog:api:maquinico;1;24285;87,41 %
tag:stardog:api:pau_de_leite;1;24286;87,41 %
tag:stardog:api:j_b_thompson;1;24287;87,41 %
tag:stardog:api:pae_thomaz;1;24288;87,42 %
tag:stardog:api:mauro_monteiro_garcia_de_carvalho;1;24289;87,42 %
tag:stardog:api:miguel_iauarete;1;24290;87,42 %
tag:stardog:api:triste;1;24291;87,43 %
tag:stardog:api:ines_oliveira;1;24292;87,43 %
tag:stardog:api:hermannvon_ihering;1;24293;87,44 %
tag:stardog:api:df508;1;24294;87,44 %
tag:stardog:api:identidade_de_stuart_hall;1;24295;87,44 %
tag:stardog:api:tobias;1;24296;87,45 %
tag:stardog:api:v_vulnificus;1;24297;87,45 %
tag:stardog:api:emanuel_araujo;1;24298;87,45 %
tag:stardog:api:ediouro;1;24299;87,46 %
tag:stardog:api:maria_helena_baena_de_moraes_lopes;1;24300;87,46 %
tag:stardog:api:iluminism;1;24301;87,46 %
tag:stardog:api:cruz_neto;1;24302;87,47 %
tag:stardog:api:eld;1;24303;87,47 %
tag:stardog:api:gondra;1;24304;87,47 %
tag:stardog:api:celso_furtado;1;24305;87,48 %
tag:stardog:api:engestrom;1;24306;87,48 %
tag:stardog:api:derradeira;1;24307;87,49 %
tag:stardog:api:marconi;1;24308;87,49 %
tag:stardog:api:oliveira_et_al;1;24309;87,49 %
tag:stardog:api:jairo_j_batista_soares;1;24310;87,50 %
tag:stardog:api:pertencelo;1;24311;87,50 %
tag:stardog:api:haya_de_la_torre;1;24312;87,50 %
tag:stardog:api:juliet_corbin;1;24313;87,51 %
tag:stardog:api:patricia_sampaio;1;24314;87,51 %
tag:stardog:api:minha_alma;1;24315;87,51 %
tag:stardog:api:contestados;1;24316;87,52 %
tag:stardog:api:polini;1;24317;87,52 %
tag:stardog:api:ja_c_brasiliense;1;24318;87,53 %
tag:stardog:api:mesolimbica;1;24319;87,53 %
tag:stardog:api:simoes_lopes_neto;1;24320;87,53 %
tag:stardog:api:umberto_eco;1;24321;87,54 %
tag:stardog:api:desendivido;1;24322;87,54 %
tag:stardog:api:bowe;1;24323;87,54 %
tag:stardog:api:emergidas;1;24324;87,55 %
tag:stardog:api:lucia_tennina;1;24325;87,55 %
tag:stardog:api:brasilcolombiaperu;1;24326;87,55 %
tag:stardog:api:ivan_farias;1;24327;87,56 %
tag:stardog:api:aldeia_alvorecer;1;24328;87,56 %
tag:stardog:api:pedroso;1;24329;87,56 %
tag:stardog:api:je_smith;1;24330;87,57 %
tag:stardog:api:juscelino_kubitscheck;1;24331;87,57 %
tag:stardog:api:marcus_rainsford;1;24332;87,58 %
tag:stardog:api:marconi_vasconcelos;1;24333;87,58 %
tag:stardog:api:michelle_obama;1;24334;87,58 %
tag:stardog:api:liliam_schwarcz;1;24335;87,59 %
tag:stardog:api:researchs;1;24336;87,59 %
tag:stardog:api:wkb;1;24337;87,59 %
tag:stardog:api:avei_joajuhare_rupive;1;24338;87,60 %
tag:stardog:api:caritas_arquidiocesana_de_sao_paulo;1;24339;87,60 %
tag:stardog:api:pesom;1;24340;87,60 %
tag:stardog:api:robert_w_slenes;1;24341;87,61 %
tag:stardog:api:van_dick;1;24342;87,61 %
tag:stardog:api:daniela_versiani;1;24343;87,62 %
tag:stardog:api:megue;1;24344;87,62 %
tag:stardog:api:caroline_santos_lima;1;24345;87,62 %
tag:stardog:api:dr_pedro_rodolfo_bode_de_moraes;1;24346;87,63 %
tag:stardog:api:iraj;1;24347;87,63 %
tag:stardog:api:michael_ignatieff;1;24348;87,63 %
tag:stardog:api:waldo_motta;1;24349;87,64 %
tag:stardog:api:industria_carlos_de_britto;1;24350;87,64 %
tag:stardog:api:cacique_gregorio_kaekchot_indigenous_state_school__eiefem;1;24351;87,64 %
tag:stardog:api:marliere;1;24352;87,65 %
tag:stardog:api:ruy_duarte;1;24353;87,65 %
tag:stardog:api:linn_da_quebrada;1;24354;87,65 %
tag:stardog:api:juscelino_kubistchek;1;24355;87,66 %
tag:stardog:api:buscou;1;24356;87,66 %
tag:stardog:api:dambrosian_ethnomathematics;1;24357;87,67 %
tag:stardog:api:tannin;1;24358;87,67 %
tag:stardog:api:nurina;1;24359;87,67 %
tag:stardog:api:cunhatai;1;24360;87,68 %
tag:stardog:api:olga_r_de_moraes_von_simson;1;24361;87,68 %
tag:stardog:api:jose_craveirinha;1;24362;87,68 %
tag:stardog:api:carolina_cantarino_rodrigues;1;24363;87,69 %
tag:stardog:api:pierre_sainthilaire;1;24364;87,69 %
tag:stardog:api:dante_galeffi;1;24365;87,69 %
tag:stardog:api:torres_santome;1;24366;87,70 %
tag:stardog:api:elicura_chihuailaf;1;24367;87,70 %
tag:stardog:api:hector_r_g_hernandez;1;24368;87,71 %
tag:stardog:api:daney;1;24369;87,71 %
tag:stardog:api:verlinda_menezes;1;24370;87,71 %
tag:stardog:api:dahlgren;1;24371;87,72 %
tag:stardog:api:adonias_filho;1;24372;87,72 %
tag:stardog:api:walter_lippmann8223s;1;24373;87,72 %
tag:stardog:api:kanhgag_jykre_kar_filosofia;1;24374;87,73 %
tag:stardog:api:piptadenia;1;24375;87,73 %
tag:stardog:api:edelcio_mostaco;1;24376;87,73 %
tag:stardog:api:gatti_jr;1;24377;87,74 %
tag:stardog:api:airton_krenak;1;24378;87,74 %
tag:stardog:api:brancoleitoso;1;24379;87,74 %
tag:stardog:api:ludovic;1;24380;87,75 %
tag:stardog:api:traducao_negra;1;24381;87,75 %
tag:stardog:api:mestre_joao;1;24382;87,76 %
tag:stardog:api:georges_balandier;1;24383;87,76 %
tag:stardog:api:zitkalasa;1;24384;87,76 %
tag:stardog:api:luisa_sonza;1;24385;87,77 %
tag:stardog:api:michel_de_certeaus;1;24386;87,77 %
tag:stardog:api:linguistico_macroje;1;24387;87,77 %
tag:stardog:api:maria_conceicao_evaristo_brito;1;24388;87,78 %
tag:stardog:api:prospero;1;24389;87,78 %
tag:stardog:api:itan_kekere;1;24390;87,78 %
tag:stardog:api:cristovao_de_gouveia;1;24391;87,79 %
tag:stardog:api:kleber_mendonca_filho;1;24392;87,79 %
tag:stardog:api:brecha;1;24393;87,80 %
tag:stardog:api:rearing;1;24394;87,80 %
tag:stardog:api:capitaes_de_areia;1;24395;87,80 %
tag:stardog:api:beatriz_gois_dantas;1;24396;87,81 %
tag:stardog:api:clovis_mouras;1;24397;87,81 %
tag:stardog:api:silvia_h_lara;1;24398;87,81 %
tag:stardog:api:borer;1;24399;87,82 %
tag:stardog:api:charles_frederick_hartt;1;24400;87,82 %
tag:stardog:api:angelier;1;24401;87,82 %
tag:stardog:api:igualmente;1;24402;87,83 %
tag:stardog:api:deleuze_e_guattari;1;24403;87,83 %
tag:stardog:api:comandantegeral;1;24404;87,83 %
tag:stardog:api:rodrigo_vasconcelos_machado;1;24405;87,84 %
tag:stardog:api:paulo_darcoso_filho;1;24406;87,84 %
tag:stardog:api:anna_christina_bentes_da_silva;1;24407;87,85 %
tag:stardog:api:nana;1;24408;87,85 %
tag:stardog:api:adao_ventura;1;24409;87,85 %
tag:stardog:api:marisa_narcizo_sampaio;1;24410;87,86 %
tag:stardog:api:francisco_braga;1;24411;87,86 %
tag:stardog:api:primary;1;24412;87,86 %
tag:stardog:api:ssumir;1;24413;87,87 %
tag:stardog:api:heitor_villalobos;1;24414;87,87 %
tag:stardog:api:muryatan_s_barbosa;1;24415;87,87 %
tag:stardog:api:nilma;1;24416;87,88 %
tag:stardog:api:attilio_antonio_disperati;1;24417;87,88 %
tag:stardog:api:stichopathes;1;24418;87,89 %
tag:stardog:api:amartya_sen;1;24419;87,89 %
tag:stardog:api:nucleo_coletivo_22;1;24420;87,89 %
tag:stardog:api:profo_dro_vinicius_nicastro_honesko;1;24421;87,90 %
tag:stardog:api:obtususoperarias;1;24422;87,90 %
tag:stardog:api:ophelia;1;24423;87,90 %
tag:stardog:api:q;1;24424;87,91 %
tag:stardog:api:consentimento_previo;1;24425;87,91 %
tag:stardog:api:abordaram;1;24426;87,91 %
tag:stardog:api:epiphany1662;1;24427;87,92 %
tag:stardog:api:luisa_mahin;1;24428;87,92 %
tag:stardog:api:lucro_liquido_sustentava;1;24429;87,92 %
tag:stardog:api:outrasos;1;24430;87,93 %
tag:stardog:api:lepidoptera;1;24431;87,93 %
tag:stardog:api:eunice_a_j_prudente;1;24432;87,94 %
tag:stardog:api:freireallemao;1;24433;87,94 %
tag:stardog:api:deuteroisaias;1;24434;87,94 %
tag:stardog:api:marco_bucaioni;1;24435;87,95 %
tag:stardog:api:maria_iara_santos_deodoro;1;24436;87,95 %
tag:stardog:api:richard_schechner;1;24437;87,95 %
tag:stardog:api:marque;1;24438;87,96 %
tag:stardog:api:grande_madureira;1;24439;87,96 %
tag:stardog:api:esperanca_garcia;1;24440;87,96 %
tag:stardog:api:joao_serranos;1;24441;87,97 %
tag:stardog:api:carole_boyce_davies;1;24442;87,97 %
tag:stardog:api:andre_alvares_de_almada;1;24443;87,98 %
tag:stardog:api:iori_descobre_o_sol;1;24444;87,98 %
tag:stardog:api:centramos;1;24445;87,98 %
tag:stardog:api:denise_jodelets;1;24446;87,99 %
tag:stardog:api:comunidade_s_j_batista;1;24447;87,99 %
tag:stardog:api:maria_eugenia_milet;1;24448;87,99 %
tag:stardog:api:sabrina_fidalgo;1;24449;88,00 %
tag:stardog:api:baldo;1;24450;88,00 %
tag:stardog:api:lux_vidal;1;24451;88,00 %
tag:stardog:api:james_pinsky;1;24452;88,01 %
tag:stardog:api:paulino_de_almeida;1;24453;88,01 %
tag:stardog:api:plumel;1;24454;88,01 %
tag:stardog:api:fuzzil;1;24455;88,02 %
tag:stardog:api:senhora;1;24456;88,02 %
tag:stardog:api:olorum;1;24457;88,03 %
tag:stardog:api:rexona_ebony;1;24458;88,03 %
tag:stardog:api:leituraco;1;24459;88,03 %
tag:stardog:api:mossbauer;1;24460;88,04 %
tag:stardog:api:raimundo_morais;1;24461;88,04 %
tag:stardog:api:mano_brown;1;24462;88,04 %
tag:stardog:api:nilma_limo;1;24463;88,05 %
tag:stardog:api:sobonfu_some;1;24464;88,05 %
tag:stardog:api:roger;1;24465;88,05 %
tag:stardog:api:jean_manzon;1;24466;88,06 %
tag:stardog:api:vieira_dias;1;24467;88,06 %
tag:stardog:api:valdeonira_silva_dos_anjos;1;24468;88,07 %
tag:stardog:api:antonio_izidoro;1;24469;88,07 %
tag:stardog:api:cecilia_almeida_salles;1;24470;88,07 %
tag:stardog:api:srgio_alfredo_guimares_;1;24471;88,08 %
tag:stardog:api:darcy;1;24472;88,08 %
tag:stardog:api:rtqpcr;1;24473;88,08 %
tag:stardog:api:orientaramme;1;24474;88,09 %
tag:stardog:api:baptista_de_mattos;1;24475;88,09 %
tag:stardog:api:collectives_xavante;1;24476;88,09 %
tag:stardog:api:picornaviridae;1;24477;88,10 %
tag:stardog:api:franklin_maxado;1;24478;88,10 %
tag:stardog:api:branca_jurema_ponce;1;24479;88,10 %
tag:stardog:api:bertholletia_excelsa_bonpl;1;24480;88,11 %
tag:stardog:api:anne_frank;1;24481;88,11 %
tag:stardog:api:porque;1;24482;88,12 %
tag:stardog:api:juliana_fausto_de_souza_coutinho;1;24483;88,12 %
tag:stardog:api:viviane_vergueiro;1;24484;88,12 %
tag:stardog:api:joana_cavalcante;1;24485;88,13 %
tag:stardog:api:borba_gato;1;24486;88,13 %
tag:stardog:api:privilgio;1;24487;88,13 %
tag:stardog:api:menino_nito;1;24488;88,14 %
tag:stardog:api:potere_operaio;1;24489;88,14 %
tag:stardog:api:angello_carneiro;1;24490;88,14 %
tag:stardog:api:celso_prudente;1;24491;88,15 %
tag:stardog:api:c_flexuosus;1;24492;88,15 %
tag:stardog:api:v25;1;24493;88,16 %
tag:stardog:api:annette_gorenstein;1;24494;88,16 %
tag:stardog:api:lev_vygotsky;1;24495;88,16 %
tag:stardog:api:sandra_haidee_petit;1;24496;88,17 %
tag:stardog:api:conceicao_nogueira;1;24497;88,17 %
tag:stardog:api:bonfil_batalla;1;24498;88,17 %
tag:stardog:api:revisao_editora;1;24499;88,18 %
tag:stardog:api:siglia_zambrotti_doria;1;24500;88,18 %
tag:stardog:api:rob_barbosa;1;24501;88,18 %
tag:stardog:api:ikatu_haguaixa_nhane;1;24502;88,19 %
tag:stardog:api:diasporica;1;24503;88,19 %
tag:stardog:api:eduardo_oliveira_miranda;1;24504;88,19 %
tag:stardog:api:emile_benveniste;1;24505;88,20 %
tag:stardog:api:abdias_nascimentos;1;24506;88,20 %
tag:stardog:api:roque_de_barros_laraia;1;24507;88,21 %
tag:stardog:api:cinta_larga;1;24508;88,21 %
tag:stardog:api:alonso_de_ribera;1;24509;88,21 %
tag:stardog:api:otavio_paz;1;24510;88,22 %
tag:stardog:api:prejudice;1;24511;88,22 %
tag:stardog:api:ismael;1;24512;88,22 %
tag:stardog:api:dom_jose;1;24513;88,23 %
tag:stardog:api:projetos_extrescolares;1;24514;88,23 %
tag:stardog:api:folguedo;1;24515;88,23 %
tag:stardog:api:marcos_p_d_lanna;1;24516;88,24 %
tag:stardog:api:lia_de_itamaraca;1;24517;88,24 %
tag:stardog:api:torah;1;24518;88,25 %
tag:stardog:api:apud_alves;1;24519;88,25 %
tag:stardog:api:cristo_redentor;1;24520;88,25 %
tag:stardog:api:vacnt;1;24521;88,26 %
tag:stardog:api:maria_nova;1;24522;88,26 %
tag:stardog:api:desterritorializando;1;24523;88,26 %
tag:stardog:api:joao_maria;1;24524;88,27 %
tag:stardog:api:esquece;1;24525;88,27 %
tag:stardog:api:theframework_ofpluralconstitutionalism;1;24526;88,27 %
tag:stardog:api:amaral_vieira;1;24527;88,28 %
tag:stardog:api:ismar_soares;1;24528;88,28 %
tag:stardog:api:susdependent;1;24529;88,28 %
tag:stardog:api:pozza_neto;1;24530;88,29 %
tag:stardog:api:dawkins;1;24531;88,29 %
tag:stardog:api:dona_clara;1;24532;88,30 %
tag:stardog:api:ana_mae_barbosa;1;24533;88,30 %
tag:stardog:api:namaste;1;24534;88,30 %
tag:stardog:api:campus_tabatinga;1;24535;88,31 %
tag:stardog:api:ramon_flecha;1;24536;88,31 %
tag:stardog:api:sodis;1;24537;88,31 %
tag:stardog:api:new;1;24538;88,32 %
tag:stardog:api:mercio_pereira_gomes;1;24539;88,32 %
tag:stardog:api:carmem_prez;1;24540;88,32 %
tag:stardog:api:todavia;1;24541;88,33 %
tag:stardog:api:agueda_bernardete_bittencourt;1;24542;88,33 %
tag:stardog:api:foram_encontrados_fios_e_rastros_sobre;1;24543;88,34 %
tag:stardog:api:kabenguele_munanga_michel_wieviorka;1;24544;88,34 %
tag:stardog:api:afoxe_avo_dele;1;24545;88,34 %
tag:stardog:api:decanato_de_pesquisa;1;24546;88,35 %
tag:stardog:api:alfredo_machado_pedrosa;1;24547;88,35 %
tag:stardog:api:tiago;1;24548;88,35 %
tag:stardog:api:schroder;1;24549;88,36 %
tag:stardog:api:savia;1;24550;88,36 %
tag:stardog:api:mestres_bimba;1;24551;88,36 %
tag:stardog:api:toni_morrison_s;1;24552;88,37 %
tag:stardog:api:beleleu_leleu_eu;1;24553;88,37 %
tag:stardog:api:brotherhoods_compromises;1;24554;88,37 %
tag:stardog:api:esquema;1;24555;88,38 %
tag:stardog:api:eden_robinson;1;24556;88,38 %
tag:stardog:api:kuery_pe;1;24557;88,39 %
tag:stardog:api:logicas_forjadas_nas_relacoes_escravistas;1;24558;88,39 %
tag:stardog:api:clemence_royer;1;24559;88,39 %
tag:stardog:api:elizandra_souza;1;24560;88,40 %
tag:stardog:api:al_ar_e_a_s;1;24561;88,40 %
tag:stardog:api:nieves;1;24562;88,40 %
tag:stardog:api:thiago_santana;1;24563;88,41 %
tag:stardog:api:lawrence_bardin;1;24564;88,41 %
tag:stardog:api:anjos1999;1;24565;88,41 %
tag:stardog:api:indio_geosite;1;24566;88,42 %
tag:stardog:api:isa_brown;1;24567;88,42 %
tag:stardog:api:saidyia_hartman;1;24568;88,42 %
tag:stardog:api:escalante;1;24569;88,43 %
tag:stardog:api:abade_gregoire;1;24570;88,43 %
tag:stardog:api:wendy_walters;1;24571;88,44 %
tag:stardog:api:lidia_de_oxum;1;24572;88,44 %
tag:stardog:api:neri;1;24573;88,44 %
tag:stardog:api:raul_fornetbetancourt;1;24574;88,45 %
tag:stardog:api:james_brown;1;24575;88,45 %
tag:stardog:api:amba_arandu;1;24576;88,45 %
tag:stardog:api:poutgnat;1;24577;88,46 %
tag:stardog:api:mahomed_bamba;1;24578;88,46 %
tag:stardog:api:auta_de_sousa;1;24579;88,46 %
tag:stardog:api:pajelanca;1;24580;88,47 %
tag:stardog:api:clpb;1;24581;88,47 %
tag:stardog:api:alonso_de_sandoval;1;24582;88,48 %
tag:stardog:api:michael_pecheux;1;24583;88,48 %
tag:stardog:api:lh;1;24584;88,48 %
tag:stardog:api:palitot_vilhena;1;24585;88,49 %
tag:stardog:api:sylvia_marcos;1;24586;88,49 %
tag:stardog:api:disperse_violet;1;24587;88,49 %
tag:stardog:api:dr_lourival_de_moraes_fidelis;1;24588;88,50 %
tag:stardog:api:omonguera_agua;1;24589;88,50 %
tag:stardog:api:terena_teregua;1;24590;88,50 %
tag:stardog:api:reinscrever_imaginarios;1;24591;88,51 %
tag:stardog:api:thelma_lipp;1;24592;88,51 %
tag:stardog:api:politico_carlista;1;24593;88,51 %
tag:stardog:api:rastro;1;24594;88,52 %
tag:stardog:api:omamarandu_ava;1;24595;88,52 %
tag:stardog:api:janice_cristine_thiel;1;24596;88,53 %
tag:stardog:api:renato_silva;1;24597;88,53 %
tag:stardog:api:matriz_a;1;24598;88,53 %
tag:stardog:api:haplic_gleysols;1;24599;88,54 %
tag:stardog:api:comarcas;1;24600;88,54 %
tag:stardog:api:coolssed;1;24601;88,54 %
tag:stardog:api:eutric_red_latosols;1;24602;88,55 %
tag:stardog:api:jean_claude_chesnais;1;24603;88,55 %
tag:stardog:api:lygia;1;24604;88,55 %
tag:stardog:api:gagnebin;1;24605;88,56 %
tag:stardog:api:catherine_walshs;1;24606;88,56 %
tag:stardog:api:heroe;1;24607;88,57 %
tag:stardog:api:marcos_wachowicz;1;24608;88,57 %
tag:stardog:api:bryconamericus_turiuba;1;24609;88,57 %
tag:stardog:api:rafael_bisquerra;1;24610;88,58 %
tag:stardog:api:dereck;1;24611;88,58 %
tag:stardog:api:yn_va;1;24612;88,58 %
tag:stardog:api:lucretia_ferrara;1;24613;88,59 %
tag:stardog:api:omar_al_bashir;1;24614;88,59 %
tag:stardog:api:bplatynemum;1;24615;88,59 %
tag:stardog:api:marcel_camus;1;24616;88,60 %
tag:stardog:api:eulalio_montenegro_dassumpcao;1;24617;88,60 %
tag:stardog:api:freuds;1;24618;88,60 %
tag:stardog:api:washington_novaes;1;24619;88,61 %
tag:stardog:api:mizukami;1;24620;88,61 %
tag:stardog:api:rosane_freire_lacerda;1;24621;88,62 %
tag:stardog:api:lei_de_terras;1;24622;88,62 %
tag:stardog:api:arthur_napoleao_figueiredo;1;24623;88,62 %
tag:stardog:api:nascimento_neto;1;24624;88,63 %
tag:stardog:api:thisjuncture;1;24625;88,63 %
tag:stardog:api:frei_caneca;1;24626;88,63 %
tag:stardog:api:deleuzean;1;24627;88,64 %
tag:stardog:api:darcy_vargas;1;24628;88,64 %
tag:stardog:api:jurisprudencia;1;24629;88,64 %
tag:stardog:api:jeanine_felfilli;1;24630;88,65 %
tag:stardog:api:joao_francisco_dos_santos;1;24631;88,65 %
tag:stardog:api:laetacara;1;24632;88,66 %
tag:stardog:api:leonardo_freire;1;24633;88,66 %
tag:stardog:api:alan_parker_s;1;24634;88,66 %
tag:stardog:api:jorge_silva;1;24635;88,67 %
tag:stardog:api:antonio_kasin_mig;1;24636;88,67 %
tag:stardog:api:xinguanos;1;24637;88,67 %
tag:stardog:api:maria_ignez_mariz;1;24638;88,68 %
tag:stardog:api:maria_carmem_villela_rosa_tacca;1;24639;88,68 %
tag:stardog:api:miles_gloriosus;1;24640;88,68 %
tag:stardog:api:cavalcanti_mata;1;24641;88,69 %
tag:stardog:api:foram_entrevistadas_dirigentes;1;24642;88,69 %
tag:stardog:api:principe_dos_prosadores_brasileiros;1;24643;88,69 %
tag:stardog:api:philippe_erikson;1;24644;88,70 %
tag:stardog:api:alamo_pimentel;1;24645;88,70 %
tag:stardog:api:irmandade_de_nossa_senhora_do_rosario_dos_homens_pretos;1;24646;88,71 %
tag:stardog:api:claudia_wonder;1;24647;88,71 %
tag:stardog:api:marcos_francisco_alves;1;24648;88,71 %
tag:stardog:api:arnaldo_xavier;1;24649;88,72 %
tag:stardog:api:alexandre_marcussi;1;24650;88,72 %
tag:stardog:api:karipuna_amapa;1;24651;88,72 %
tag:stardog:api:dushatzky;1;24652;88,73 %
tag:stardog:api:gradacoes_de_dependencia;1;24653;88,73 %
tag:stardog:api:ftir;1;24654;88,73 %
tag:stardog:api:agan;1;24655;88,74 %
tag:stardog:api:claudia_amoroso_bortolato;1;24656;88,74 %
tag:stardog:api:regre;1;24657;88,75 %
tag:stardog:api:jiripanco;1;24658;88,75 %
tag:stardog:api:macroremains;1;24659;88,75 %
tag:stardog:api:gleba_iriri;1;24660;88,76 %
tag:stardog:api:naira_ciotti;1;24661;88,76 %
tag:stardog:api:rk_jansen;1;24662;88,76 %
tag:stardog:api:ciclope;1;24663;88,77 %
tag:stardog:api:joelzito_araujo;1;24664;88,77 %
tag:stardog:api:tervuren;1;24665;88,77 %
tag:stardog:api:agrupamentos_hierarquicos;1;24666;88,78 %
tag:stardog:api:theodozio_fernandes_da_cruz;1;24667;88,78 %
tag:stardog:api:morphosyntactically;1;24668;88,78 %
tag:stardog:api:vera_duarte;1;24669;88,79 %
tag:stardog:api:ojepyamongueta_upe_hekove_ohasa_asy;1;24670;88,79 %
tag:stardog:api:maria_aparecida;1;24671;88,80 %
tag:stardog:api:lourenco_ramos_rup;1;24672;88,80 %
tag:stardog:api:jaime_diniz;1;24673;88,80 %
tag:stardog:api:willian_roberto_cereja;1;24674;88,81 %
tag:stardog:api:munakata;1;24675;88,81 %
tag:stardog:api:miguel_barnet;1;24676;88,81 %
tag:stardog:api:sandra_sales;1;24677;88,82 %
tag:stardog:api:saint_anthony;1;24678;88,82 %
tag:stardog:api:ucides;1;24679;88,82 %
tag:stardog:api:manoel_etelcides_da_silva;1;24680;88,83 %
tag:stardog:api:manoel_joze_de_andrade;1;24681;88,83 %
tag:stardog:api:araguari;1;24682;88,84 %
tag:stardog:api:peculio;1;24683;88,84 %
tag:stardog:api:gary_francione;1;24684;88,84 %
tag:stardog:api:ricardo_aleixo;1;24685;88,85 %
tag:stardog:api:vamos_aprender_wapichana;1;24686;88,85 %
tag:stardog:api:marc_lamont_hill;1;24687;88,85 %
tag:stardog:api:poplack;1;24688;88,86 %
tag:stardog:api:megaceryle;1;24689;88,86 %
tag:stardog:api:holger_pedersen;1;24690;88,86 %
tag:stardog:api:minasensise_ev;1;24691;88,87 %
tag:stardog:api:alfredo_wagner;1;24692;88,87 %
tag:stardog:api:ana_clara_barbosa;1;24693;88,87 %
tag:stardog:api:norma_da_luz_ferrarini;1;24694;88,88 %
tag:stardog:api:terence_ranger;1;24695;88,88 %
tag:stardog:api:parao;1;24696;88,89 %
tag:stardog:api:onhenhembo;1;24697;88,89 %
tag:stardog:api:ignacio_martinbaro;1;24698;88,89 %
tag:stardog:api:giacomini;1;24699;88,90 %
tag:stardog:api:mbya_oiko_nhepyrun;1;24700;88,90 %
tag:stardog:api:buitoni;1;24701;88,90 %
tag:stardog:api:l_centrosema;1;24702;88,91 %
tag:stardog:api:equipes_de_saude_da_familia;1;24703;88,91 %
tag:stardog:api:danca_negra;1;24704;88,91 %
tag:stardog:api:dhpcb;1;24705;88,92 %
tag:stardog:api:bartolomeu_melia;1;24706;88,92 %
tag:stardog:api:ofelia_garcia;1;24707;88,93 %
tag:stardog:api:tomas_santa_rosa_jr;1;24708;88,93 %
tag:stardog:api:margaret_garner;1;24709;88,93 %
tag:stardog:api:l62;1;24710;88,94 %
tag:stardog:api:frank_tannenbaum;1;24711;88,94 %
tag:stardog:api:sylvie_chalaye;1;24712;88,94 %
tag:stardog:api:wilma;1;24713;88,95 %
tag:stardog:api:tres_soitas;1;24714;88,95 %
tag:stardog:api:beatriz_do_nascimento;1;24715;88,95 %
tag:stardog:api:geomorphologic;1;24716;88,96 %
tag:stardog:api:alfredo_damaso;1;24717;88,96 %
tag:stardog:api:pauline_chiziane;1;24718;88,96 %
tag:stardog:api:francoise_choay;1;24719;88,97 %
tag:stardog:api:dr_jose_carlos_fernandes;1;24720;88,97 %
tag:stardog:api:orreda;1;24721;88,98 %
tag:stardog:api:maracatucar;1;24722;88,98 %
tag:stardog:api:microbacias_ii;1;24723;88,98 %
tag:stardog:api:bakhtiniana;1;24724;88,99 %
tag:stardog:api:carlos_vaz;1;24725;88,99 %
tag:stardog:api:agreste_paraibano;1;24726;88,99 %
tag:stardog:api:antiopressiva;1;24727;89,00 %
tag:stardog:api:tadeo_escalante;1;24728;89,00 %
tag:stardog:api:storch;1;24729;89,00 %
tag:stardog:api:elizete_maria_lourenco;1;24730;89,01 %
tag:stardog:api:kuery_renda;1;24731;89,01 %
tag:stardog:api:decio;1;24732;89,02 %
tag:stardog:api:fornet_betancourt;1;24733;89,02 %
tag:stardog:api:irmandade_de_tavares;1;24734;89,02 %
tag:stardog:api:exploro;1;24735;89,03 %
tag:stardog:api:nkosi;1;24736;89,03 %
tag:stardog:api:morenos;1;24737;89,03 %
tag:stardog:api:ofaies;1;24738;89,04 %
tag:stardog:api:roberto_greco;1;24739;89,04 %
tag:stardog:api:jose_maria_orreda;1;24740;89,04 %
tag:stardog:api:verdao;1;24741;89,05 %
tag:stardog:api:florian_paucke_sj;1;24742;89,05 %
tag:stardog:api:llansol;1;24743;89,05 %
tag:stardog:api:mariana_ferrer;1;24744;89,06 %
tag:stardog:api:socioterritorial_mosaic;1;24745;89,06 %
tag:stardog:api:j_m_g_le_clezio;1;24746;89,07 %
tag:stardog:api:cordeiro_de_nana;1;24747;89,07 %
tag:stardog:api:mundicarmo_ferreti;1;24748;89,07 %
tag:stardog:api:dunker;1;24749;89,08 %
tag:stardog:api:problema_negro;1;24750;89,08 %
tag:stardog:api:jaque;1;24751;89,08 %
tag:stardog:api:daniel_vidart;1;24752;89,09 %
tag:stardog:api:reigota;1;24753;89,09 %
tag:stardog:api:fecosol;1;24754;89,09 %
tag:stardog:api:enxu;1;24755;89,10 %
tag:stardog:api:aby_warburg;1;24756;89,10 %
tag:stardog:api:flavia_caimi;1;24757;89,11 %
tag:stardog:api:buen;1;24758;89,11 %
tag:stardog:api:procuraseidentificar;1;24759;89,11 %
tag:stardog:api:kapinawa_meu_povo;1;24760;89,12 %
tag:stardog:api:complexo_penitenciario_lemos_de_brito;1;24761;89,12 %
tag:stardog:api:mmia;1;24762;89,12 %
tag:stardog:api:luiza_mahim;1;24763;89,13 %
tag:stardog:api:mata_paraibana;1;24764;89,13 %
tag:stardog:api:jardim;1;24765;89,13 %
tag:stardog:api:frio;1;24766;89,14 %
tag:stardog:api:oliveira_ribeiro_reis;1;24767;89,14 %
tag:stardog:api:uilma_maira_queiroz;1;24768;89,14 %
tag:stardog:api:bernstein;1;24769;89,15 %
tag:stardog:api:almeida_pereiras;1;24770;89,15 %
tag:stardog:api:u_flick;1;24771;89,16 %
tag:stardog:api:price;1;24772;89,16 %
tag:stardog:api:alexandra_dumas;1;24773;89,16 %
tag:stardog:api:camilo_joao_amancio;1;24774;89,17 %
tag:stardog:api:seu_territorio;1;24775;89,17 %
tag:stardog:api:profa_dra_sigrid_de_mendonca_andersen;1;24776;89,17 %
tag:stardog:api:doglas_satere;1;24777;89,18 %
tag:stardog:api:jeanne_favretsaada;1;24778;89,18 %
tag:stardog:api:lc90;1;24779;89,18 %
tag:stardog:api:sakpo;1;24780;89,19 %
tag:stardog:api:filosofia_politica;1;24781;89,19 %
tag:stardog:api:ayoluwa;1;24782;89,20 %
tag:stardog:api:antonio_carlos_diegues;1;24783;89,20 %
tag:stardog:api:ronsini;1;24784;89,20 %
tag:stardog:api:rodrigues_alves;1;24785;89,21 %
tag:stardog:api:nascimentos_quilombismo;1;24786;89,21 %
tag:stardog:api:frida_kahlo;1;24787;89,21 %
tag:stardog:api:etnogenese;1;24788;89,22 %
tag:stardog:api:pampa_aran;1;24789;89,22 %
tag:stardog:api:ruttner;1;24790;89,22 %
tag:stardog:api:rohechauka;1;24791;89,23 %
tag:stardog:api:hilary_castle_de_menezes;1;24792;89,23 %
tag:stardog:api:christine_mellos;1;24793;89,23 %
tag:stardog:api:becker_coberto;1;24794;89,24 %
tag:stardog:api:ativante;1;24795;89,24 %
tag:stardog:api:candida_soares_da_costa;1;24796;89,25 %
tag:stardog:api:rohexa_mi_kuatia;1;24797;89,25 %
tag:stardog:api:intrapulso;1;24798;89,25 %
tag:stardog:api:freis_capuchinhos;1;24799;89,26 %
tag:stardog:api:circunstancias_da_manumissao;1;24800;89,26 %
tag:stardog:api:umaamostra;1;24801;89,26 %
tag:stardog:api:dr_andre_egg;1;24802;89,27 %
tag:stardog:api:sotigui_kouyate;1;24803;89,27 %
tag:stardog:api:fernando_meireles;1;24804;89,27 %
tag:stardog:api:vanh_tan;1;24805;89,28 %
tag:stardog:api:may_ayim;1;24806;89,28 %
tag:stardog:api:ironides_rodrigues;1;24807;89,29 %
tag:stardog:api:psathyromyia_pelloni;1;24808;89,29 %
tag:stardog:api:paul_virilio;1;24809;89,29 %
tag:stardog:api:pbpb;1;24810;89,30 %
tag:stardog:api:serem_consideradas_incapazes_de_pensar;1;24811;89,30 %
tag:stardog:api:b_rouxiae;1;24812;89,30 %
tag:stardog:api:herskovits;1;24813;89,31 %
tag:stardog:api:waikas;1;24814;89,31 %
tag:stardog:api:microcistys_sp;1;24815;89,31 %
tag:stardog:api:neil_w_hawkins;1;24816;89,32 %
tag:stardog:api:sedentariza;1;24817;89,32 %
tag:stardog:api:waterstone;1;24818;89,32 %
tag:stardog:api:aceitacao_afro;1;24819;89,33 %
tag:stardog:api:anna_cox;1;24820;89,33 %
tag:stardog:api:em_civilizados;1;24821;89,34 %
tag:stardog:api:mapeei;1;24822;89,34 %
tag:stardog:api:cristovao_colombo;1;24823;89,34 %
tag:stardog:api:n_2152000;1;24824;89,35 %
tag:stardog:api:armando_dornelles;1;24825;89,35 %
tag:stardog:api:desviando_sua_energia;1;24826;89,35 %
tag:stardog:api:maria_conga;1;24827;89,36 %
tag:stardog:api:stefancic;1;24828;89,36 %
tag:stardog:api:delia_jones;1;24829;89,36 %
tag:stardog:api:dom_antonio_costa_de_macedo;1;24830;89,37 %
tag:stardog:api:embranquecido;1;24831;89,37 %
tag:stardog:api:blackdermantoy;1;24832;89,38 %
tag:stardog:api:andre_breton;1;24833;89,38 %
tag:stardog:api:calderon;1;24834;89,38 %
tag:stardog:api:adtc;1;24835;89,39 %
tag:stardog:api:wieviorka;1;24836;89,39 %
tag:stardog:api:muzart;1;24837;89,39 %
tag:stardog:api:joao_felicio_dos_santos;1;24838;89,40 %
tag:stardog:api:isabelle_stengers;1;24839;89,40 %
tag:stardog:api:peter_stearns;1;24840;89,40 %
tag:stardog:api:pedro_goergen;1;24841;89,41 %
tag:stardog:api:yves_antonio;1;24842;89,41 %
tag:stardog:api:allende;1;24843;89,41 %
tag:stardog:api:maria_cristina_de_jesus_sampaio;1;24844;89,42 %
tag:stardog:api:quilomboish;1;24845;89,42 %
tag:stardog:api:bojuwo_awon_irawo;1;24846;89,43 %
tag:stardog:api:morb;1;24847;89,43 %
tag:stardog:api:darora;1;24848;89,43 %
tag:stardog:api:arthur_frank;1;24849;89,44 %
tag:stardog:api:t_d_penn;1;24850;89,44 %
tag:stardog:api:periodo_metarracial_democratico;1;24851;89,44 %
tag:stardog:api:da_chirca;1;24852;89,45 %
tag:stardog:api:fernando_luis_gonzales_rey;1;24853;89,45 %
tag:stardog:api:xc;1;24854;89,45 %
tag:stardog:api:de_posgraduacao_em_educacao;1;24855;89,46 %
tag:stardog:api:dik;1;24856;89,46 %
tag:stardog:api:obas_de_xango;1;24857;89,47 %
tag:stardog:api:ihering;1;24858;89,47 %
tag:stardog:api:benghozi;1;24859;89,47 %
tag:stardog:api:teyikuera_ndaijojai_ave;1;24860;89,48 %
tag:stardog:api:guentcheva;1;24861;89,48 %
tag:stardog:api:melville_herskovits;1;24862;89,48 %
tag:stardog:api:donald_pierson;1;24863;89,49 %
tag:stardog:api:luis_milanesi;1;24864;89,49 %
tag:stardog:api:para_aca;1;24865;89,49 %
tag:stardog:api:esther;1;24866;89,50 %
tag:stardog:api:frederico_normanha_ribeiro_de_almeida;1;24867;89,50 %
tag:stardog:api:patricia_collis;1;24868;89,50 %
tag:stardog:api:ralf_dahrendorf;1;24869;89,51 %
tag:stardog:api:da_medicao;1;24870;89,51 %
tag:stardog:api:glaura_lucas;1;24871;89,52 %
tag:stardog:api:dividir_espaco_e;1;24872;89,52 %
tag:stardog:api:stubbs;1;24873;89,52 %
tag:stardog:api:laura_esquivels;1;24874;89,53 %
tag:stardog:api:luiz_felipe_passero;1;24875;89,53 %
tag:stardog:api:cesar__maher;1;24876;89,53 %
tag:stardog:api:meena;1;24877;89,54 %
tag:stardog:api:e3;1;24878;89,54 %
tag:stardog:api:patricia_ferreira_para;1;24879;89,54 %
tag:stardog:api:bergoglio;1;24880;89,55 %
tag:stardog:api:akabal;1;24881;89,55 %
tag:stardog:api:cunhadismo;1;24882;89,56 %
tag:stardog:api:yvas;1;24883;89,56 %
tag:stardog:api:gluconacetobacter;1;24884;89,56 %
tag:stardog:api:mari_baiocchi;1;24885;89,57 %
tag:stardog:api:sedoc;1;24886;89,57 %
tag:stardog:api:julia_alvarez;1;24887;89,57 %
tag:stardog:api:macambique_de_osorio;1;24888;89,58 %
tag:stardog:api:es_cravidao;1;24889;89,58 %
tag:stardog:api:raul_zaffaroni;1;24890;89,58 %
tag:stardog:api:antoine_berman;1;24891;89,59 %
tag:stardog:api:e_m_levy_miranda;1;24892;89,59 %
tag:stardog:api:sandra_benides;1;24893;89,59 %
tag:stardog:api:permitiam_acesso;1;24894;89,60 %
tag:stardog:api:marechais_castelo_branco;1;24895;89,60 %
tag:stardog:api:eduardo_sonnewend_brondizio;1;24896;89,61 %
tag:stardog:api:litlle;1;24897;89,61 %
tag:stardog:api:aphelinidae;1;24898;89,61 %
tag:stardog:api:yury_lotman;1;24899;89,62 %
tag:stardog:api:de_instauranda_aethiopum;1;24900;89,62 %
tag:stardog:api:hendivekuera_umi;1;24901;89,62 %
tag:stardog:api:valter_silverio;1;24902;89,63 %
tag:stardog:api:whats;1;24903;89,63 %
tag:stardog:api:lev;1;24904;89,63 %
tag:stardog:api:busarello;1;24905;89,64 %
tag:stardog:api:lino_guedes;1;24906;89,64 %
tag:stardog:api:edwards;1;24907;89,65 %
tag:stardog:api:de_bebidas_a_base;1;24908;89,65 %
tag:stardog:api:nery;1;24909;89,65 %
tag:stardog:api:victor_stoichita;1;24910;89,66 %
tag:stardog:api:especificamente_objetivamos;1;24911;89,66 %
tag:stardog:api:uebas;1;24912;89,66 %
tag:stardog:api:neogeno;1;24913;89,67 %
tag:stardog:api:enrique_leff;1;24914;89,67 %
tag:stardog:api:luiz_lopes_diniz_filho;1;24915;89,67 %
tag:stardog:api:prince;1;24916;89,68 %
tag:stardog:api:microct;1;24917;89,68 %
tag:stardog:api:sopapinho;1;24918;89,68 %
tag:stardog:api:crianca;1;24919;89,69 %
tag:stardog:api:piper_aduncum;1;24920;89,69 %
tag:stardog:api:malik;1;24921;89,70 %
tag:stardog:api:mario_maestri;1;24922;89,70 %
tag:stardog:api:selma_dos_santos_dealdina;1;24923;89,70 %
tag:stardog:api:michael_brown;1;24924;89,71 %
tag:stardog:api:tese_de_doutorado_intitulada_compensacoes_socioambientais_de_megaempreendimentos;1;24925;89,71 %
tag:stardog:api:aldeia_maratoan;1;24926;89,71 %
tag:stardog:api:bernardina;1;24927;89,72 %
tag:stardog:api:angela_davis_black;1;24928;89,72 %
tag:stardog:api:coremu;1;24929;89,72 %
tag:stardog:api:trigo;1;24930;89,73 %
tag:stardog:api:fenomenologia;1;24931;89,73 %
tag:stardog:api:jose_monteiro_sobral;1;24932;89,74 %
tag:stardog:api:m_tenuiflora;1;24933;89,74 %
tag:stardog:api:lande_onawale;1;24934;89,74 %
tag:stardog:api:carlos_monarcha;1;24935;89,75 %
tag:stardog:api:miguel_ozorio_de_almeida;1;24936;89,75 %
tag:stardog:api:da_parahyba;1;24937;89,75 %
tag:stardog:api:cesar_larcen;1;24938;89,76 %
tag:stardog:api:lucia_murat;1;24939;89,76 %
tag:stardog:api:k_schum;1;24940;89,76 %
tag:stardog:api:jose_rubino;1;24941;89,77 %
tag:stardog:api:emilia_costa;1;24942;89,77 %
tag:stardog:api:pesquisa_participativa;1;24943;89,77 %
tag:stardog:api:vizenor;1;24944;89,78 %
tag:stardog:api:sociologia__guerreiro_ramos;1;24945;89,78 %
tag:stardog:api:paty_wolff;1;24946;89,79 %
tag:stardog:api:hipotese_lexicalista_forte_de_chomsky;1;24947;89,79 %
tag:stardog:api:etnoconhecimento;1;24948;89,79 %
tag:stardog:api:luiz_fernando_f_rosa_ribeiro;1;24949;89,80 %
tag:stardog:api:josi_lima;1;24950;89,80 %
tag:stardog:api:vochisia_maxima;1;24951;89,80 %
tag:stardog:api:etim;1;24952;89,81 %
tag:stardog:api:janet_millers;1;24953;89,81 %
tag:stardog:api:rozinete_santana;1;24954;89,81 %
tag:stardog:api:perda_da;1;24955;89,82 %
tag:stardog:api:qol;1;24956;89,82 %
tag:stardog:api:clarice_dos_santos_berton;1;24957;89,83 %
tag:stardog:api:adversus_haereses;1;24958;89,83 %
tag:stardog:api:ma_nhembo_eaty;1;24959;89,83 %
tag:stardog:api:como_categorias_analiticas;1;24960;89,84 %
tag:stardog:api:ufpen121;1;24961;89,84 %
tag:stardog:api:billig;1;24962;89,84 %
tag:stardog:api:degradacao_pelo_calor;1;24963;89,85 %
tag:stardog:api:provincia_da_bahia_ou;1;24964;89,85 %
tag:stardog:api:marie_louise_pratt;1;24965;89,85 %
tag:stardog:api:fortuna;1;24966;89,86 %
tag:stardog:api:brockley;1;24967;89,86 %
tag:stardog:api:saci_verdadeiro;1;24968;89,86 %
tag:stardog:api:saint_benedict_farinheira;1;24969;89,87 %
tag:stardog:api:rosa_neto;1;24970;89,87 %
tag:stardog:api:clarice_lispector;1;24971;89,88 %
tag:stardog:api:astrid_cabral;1;24972;89,88 %
tag:stardog:api:nuria_ferre;1;24973;89,88 %
tag:stardog:api:sosia;1;24974;89,89 %
tag:stardog:api:interlocutor_indispensavel_as_suas_analises;1;24975;89,89 %
tag:stardog:api:maira;1;24976;89,89 %
tag:stardog:api:christopher_columbus;1;24977;89,90 %
tag:stardog:api:zootherapic;1;24978;89,90 %
tag:stardog:api:maria_moreira_da_rocha;1;24979;89,90 %
tag:stardog:api:rosa_osorio_marques;1;24980;89,91 %
tag:stardog:api:blocos_afrocarnavalescos;1;24981;89,91 %
tag:stardog:api:ediacarana;1;24982;89,92 %
tag:stardog:api:boneti;1;24983;89,92 %
tag:stardog:api:maria_de_arruda_muller_state_school;1;24984;89,92 %
tag:stardog:api:eware_i;1;24985;89,93 %
tag:stardog:api:humberto_akabal;1;24986;89,93 %
tag:stardog:api:acoes;1;24987;89,93 %
tag:stardog:api:marcio_antonio_cataia;1;24988;89,94 %
tag:stardog:api:jose_mauricioarruti;1;24989;89,94 %
tag:stardog:api:hr369_ci80136;1;24990;89,94 %
tag:stardog:api:micareta;1;24991;89,95 %
tag:stardog:api:biocentric;1;24992;89,95 %
tag:stardog:api:helmreich;1;24993;89,95 %
tag:stardog:api:leila_slimani;1;24994;89,96 %
tag:stardog:api:rufino_dos_santos;1;24995;89,96 %
tag:stardog:api:augusto_dos_anjos;1;24996;89,97 %
tag:stardog:api:leucospis;1;24997;89,97 %
tag:stardog:api:fildelelfia;1;24998;89,97 %
tag:stardog:api:feminicide;1;24999;89,98 %
tag:stardog:api:francois_hartogs;1;25000;89,98 %
tag:stardog:api:guillermo_orozco;1;25001;89,98 %
tag:stardog:api:alunasos;1;25002;89,99 %
tag:stardog:api:martinicano;1;25003;89,99 %
tag:stardog:api:sayonara_nancy_leodoro_siqueira;1;25004;89,99 %
tag:stardog:api:joyce_green;1;25005;90,00 %
tag:stardog:api:jorge_ben_jor;1;25006;90,00 %
tag:stardog:api:zeca;1;25007;90,01 %
tag:stardog:api:andre_novais;1;25008;90,01 %
tag:stardog:api:tapirira_guianensis_aubl;1;25009;90,01 %
tag:stardog:api:comparativism;1;25010;90,02 %
tag:stardog:api:kumua322e;1;25011;90,02 %
tag:stardog:api:holocellulose;1;25012;90,02 %
tag:stardog:api:critian_sales;1;25013;90,03 %
tag:stardog:api:tania_maria_f_braga_garcia;1;25014;90,03 %
tag:stardog:api:capitao_manoel_de_oliveira_barrozo;1;25015;90,03 %
tag:stardog:api:curry;1;25016;90,04 %
tag:stardog:api:woglumi_ashby;1;25017;90,04 %
tag:stardog:api:generators;1;25018;90,04 %
tag:stardog:api:quilombolas_carrapatos_da_tabatinga;1;25019;90,05 %
tag:stardog:api:fernao_capelo;1;25020;90,05 %
tag:stardog:api:john_kingdons;1;25021;90,06 %
tag:stardog:api:termodinamica;1;25022;90,06 %
tag:stardog:api:gabinete_zacarias;1;25023;90,06 %
tag:stardog:api:nkisi_nkondi;1;25024;90,07 %
tag:stardog:api:casa_do_benin;1;25025;90,07 %
tag:stardog:api:graca_aranha;1;25026;90,07 %
tag:stardog:api:pretobras;1;25027;90,08 %
tag:stardog:api:antonio_v_frago;1;25028;90,08 %
tag:stardog:api:sccmec_iv;1;25029;90,08 %
tag:stardog:api:kuery_oiko;1;25030;90,09 %
tag:stardog:api:joao_paulo_barreto;1;25031;90,09 %
tag:stardog:api:miestano;1;25032;90,10 %
tag:stardog:api:jordan_peele;1;25033;90,10 %
tag:stardog:api:vitimas_algozes;1;25034;90,10 %
tag:stardog:api:macquart;1;25035;90,11 %
tag:stardog:api:elen_linth;1;25036;90,11 %
tag:stardog:api:gonzalez_prada;1;25037;90,11 %
tag:stardog:api:terno_de_reis;1;25038;90,12 %
tag:stardog:api:andr;1;25039;90,12 %
tag:stardog:api:calvin;1;25040;90,12 %
tag:stardog:api:aquille_mbembe;1;25041;90,13 %
tag:stardog:api:tematico_e_geografico;1;25042;90,13 %
tag:stardog:api:concebido_pelo;1;25043;90,13 %
tag:stardog:api:mulatto;1;25044;90,14 %
tag:stardog:api:italva;1;25045;90,14 %
tag:stardog:api:booker_t_washington;1;25046;90,15 %
tag:stardog:api:croniquetas;1;25047;90,15 %
tag:stardog:api:xavante_indians;1;25048;90,15 %
tag:stardog:api:rubem_thomaz_de_almeida;1;25049;90,16 %
tag:stardog:api:lorenzo;1;25050;90,16 %
tag:stardog:api:daniel_mundukuru;1;25051;90,16 %
tag:stardog:api:acoes_politicas;1;25052;90,17 %
tag:stardog:api:ramos_iii;1;25053;90,17 %
tag:stardog:api:jua;1;25054;90,17 %
tag:stardog:api:thomas;1;25055;90,18 %
tag:stardog:api:e_v_de_castro;1;25056;90,18 %
tag:stardog:api:luiz_byron_torres;1;25057;90,18 %
tag:stardog:api:evgeni_pachukanis;1;25058;90,19 %
tag:stardog:api:woodson;1;25059;90,19 %
tag:stardog:api:joao_marias;1;25060;90,20 %
tag:stardog:api:mariana_aranha_de_souza;1;25061;90,20 %
tag:stardog:api:pellegrini;1;25062;90,20 %
tag:stardog:api:donofrio;1;25063;90,21 %
tag:stardog:api:materiais_de_ensino;1;25064;90,21 %
tag:stardog:api:ju_pora;1;25065;90,21 %
tag:stardog:api:od60006;1;25066;90,22 %
tag:stardog:api:marcelo_masagao;1;25067;90,22 %
tag:stardog:api:eshu;1;25068;90,22 %
tag:stardog:api:pina;1;25069;90,23 %
tag:stardog:api:cardoso_oliveira_e_silva_altenfelder;1;25070;90,23 %
tag:stardog:api:clarissa_alcantara;1;25071;90,24 %
tag:stardog:api:eurocentric;1;25072;90,24 %
tag:stardog:api:sinalizaram;1;25073;90,24 %
tag:stardog:api:milhomem_acyxit_krikati;1;25074;90,25 %
tag:stardog:api:isabel_sole;1;25075;90,25 %
tag:stardog:api:reissner_nordstrom;1;25076;90,25 %
tag:stardog:api:howard_winant;1;25077;90,26 %
tag:stardog:api:yellow_latosol;1;25078;90,26 %
tag:stardog:api:savi;1;25079;90,26 %
tag:stardog:api:corazza;1;25080;90,27 %
tag:stardog:api:nortecentrada;1;25081;90,27 %
tag:stardog:api:prochilodus_lineatus;1;25082;90,27 %
tag:stardog:api:arundhati_roy;1;25083;90,28 %
tag:stardog:api:pimelodus_maculatus;1;25084;90,28 %
tag:stardog:api:zebedee;1;25085;90,29 %
tag:stardog:api:guare_guekohape;1;25086;90,29 %
tag:stardog:api:casa_da_cura;1;25087;90,29 %
tag:stardog:api:sem_palavras;1;25088;90,30 %
tag:stardog:api:cezar_roberto_bitencourt;1;25089;90,30 %
tag:stardog:api:ava_teko_ha_egui;1;25090;90,30 %
tag:stardog:api:inacio_de_loyola;1;25091;90,31 %
tag:stardog:api:condominio_amizade;1;25092;90,31 %
tag:stardog:api:materias_verde;1;25093;90,31 %
tag:stardog:api:valle_silva;1;25094;90,32 %
tag:stardog:api:simuliidae;1;25095;90,32 %
tag:stardog:api:rafael_braga_vieira;1;25096;90,33 %
tag:stardog:api:antonio_hilario_aguilera_urquiza;1;25097;90,33 %
tag:stardog:api:mbya_guarani_guaviraty_pora;1;25098;90,33 %
tag:stardog:api:anagnostopolou;1;25099;90,34 %
tag:stardog:api:mc_laren;1;25100;90,34 %
tag:stardog:api:marilandi_goulart;1;25101;90,34 %
tag:stardog:api:ricardo_ferreira;1;25102;90,35 %
tag:stardog:api:guajajara_people;1;25103;90,35 %
tag:stardog:api:tigana_santos;1;25104;90,35 %
tag:stardog:api:invoco;1;25105;90,36 %
tag:stardog:api:suma_kawsay;1;25106;90,36 %
tag:stardog:api:coelho_neto;1;25107;90,36 %
tag:stardog:api:balibar;1;25108;90,37 %
tag:stardog:api:m_musicola;1;25109;90,37 %
tag:stardog:api:piptocarpha_sp1;1;25110;90,38 %
tag:stardog:api:pontos_da_herida;1;25111;90,38 %
tag:stardog:api:agroanalysis;1;25112;90,38 %
tag:stardog:api:madari_b;1;25113;90,39 %
tag:stardog:api:euridice_figueiredo;1;25114;90,39 %
tag:stardog:api:vilma_chiara;1;25115;90,39 %
tag:stardog:api:daniel;1;25116;90,40 %
tag:stardog:api:rodolpho_lindemann;1;25117;90,40 %
tag:stardog:api:eisenia_andrei;1;25118;90,40 %
tag:stardog:api:renata_lima;1;25119;90,41 %
tag:stardog:api:valadares_campus;1;25120;90,41 %
tag:stardog:api:santos_reis;1;25121;90,42 %
tag:stardog:api:andre_ramos_de_carvalho;1;25122;90,42 %
tag:stardog:api:mortimer;1;25123;90,42 %
tag:stardog:api:redes_de_relacoes_pessoais;1;25124;90,43 %
tag:stardog:api:lighthouse;1;25125;90,43 %
tag:stardog:api:vitoriano;1;25126;90,43 %
tag:stardog:api:joan_pages;1;25127;90,44 %
tag:stardog:api:thomaz_cantuaria;1;25128;90,44 %
tag:stardog:api:rp745;1;25129;90,44 %
tag:stardog:api:radiacao_hawking;1;25130;90,45 %
tag:stardog:api:vigotsky;1;25131;90,45 %
tag:stardog:api:soares_da_rocha;1;25132;90,45 %
tag:stardog:api:dagmar_meyer;1;25133;90,46 %
tag:stardog:api:mikel_ruiz;1;25134;90,46 %
tag:stardog:api:escravidao;1;25135;90,47 %
tag:stardog:api:forrester;1;25136;90,47 %
tag:stardog:api:jayz;1;25137;90,47 %
tag:stardog:api:antropologia_do_imaginario;1;25138;90,48 %
tag:stardog:api:manuel_padeiro;1;25139;90,48 %
tag:stardog:api:de_telhapr;1;25140;90,48 %
tag:stardog:api:paula_cavalcanti_de_albuquerque;1;25141;90,49 %
tag:stardog:api:consorcio_lusobrasileiro;1;25142;90,49 %
tag:stardog:api:roxane_helena_rodrigues_rojo;1;25143;90,49 %
tag:stardog:api:perscrutei;1;25144;90,50 %
tag:stardog:api:maria_de_fatima_silva;1;25145;90,50 %
tag:stardog:api:lucas_gueiros;1;25146;90,51 %
tag:stardog:api:c_krusei;1;25147;90,51 %
tag:stardog:api:condicoes_analogas_a_de_escravo;1;25148;90,51 %
tag:stardog:api:polaco;1;25149;90,52 %
tag:stardog:api:lgbtfobico;1;25150;90,52 %
tag:stardog:api:peladinho;1;25151;90,52 %
tag:stardog:api:cattani;1;25152;90,53 %
tag:stardog:api:t_pecari;1;25153;90,53 %
tag:stardog:api:will_eisner;1;25154;90,53 %
tag:stardog:api:toldo_chimbangue;1;25155;90,54 %
tag:stardog:api:langmuir_isotherm_was_successfully_fitted;1;25156;90,54 %
tag:stardog:api:andrea_lage;1;25157;90,54 %
tag:stardog:api:diferentemente_das_isoflavonas;1;25158;90,55 %
tag:stardog:api:por_cima;1;25159;90,55 %
tag:stardog:api:acmj;1;25160;90,56 %
tag:stardog:api:mmse;1;25161;90,56 %
tag:stardog:api:casa_pia;1;25162;90,56 %
tag:stardog:api:andrade_figueira;1;25163;90,57 %
tag:stardog:api:p_cupana;1;25164;90,57 %
tag:stardog:api:vila_maria;1;25165;90,57 %
tag:stardog:api:geografia_humana;1;25166;90,58 %
tag:stardog:api:erasmo_de_rotterdam;1;25167;90,58 %
tag:stardog:api:elisa_lucinda_s;1;25168;90,58 %
tag:stardog:api:apocuitauamiri;1;25169;90,59 %
tag:stardog:api:antropologia_filosofica;1;25170;90,59 %
tag:stardog:api:damour;1;25171;90,60 %
tag:stardog:api:ntemp;1;25172;90,60 %
tag:stardog:api:gloria_andalzua;1;25173;90,60 %
tag:stardog:api:michael_sandel;1;25174;90,61 %
tag:stardog:api:yapyrehyt;1;25175;90,61 %
tag:stardog:api:ystrs;1;25176;90,61 %
tag:stardog:api:jeffrey_alexander;1;25177;90,62 %
tag:stardog:api:baruch_espinosa;1;25178;90,62 %
tag:stardog:api:p1c4;1;25179;90,62 %
tag:stardog:api:claisy_marinhoaraujo;1;25180;90,63 %
tag:stardog:api:kayapos;1;25181;90,63 %
tag:stardog:api:conviviam;1;25182;90,63 %
tag:stardog:api:maria_antonieta_cunha;1;25183;90,64 %
tag:stardog:api:jose_lucio_rocha_de_airoes;1;25184;90,64 %
tag:stardog:api:lincoln;1;25185;90,65 %
tag:stardog:api:lexicoestatistica;1;25186;90,65 %
tag:stardog:api:blac;1;25187;90,65 %
tag:stardog:api:elsi;1;25188;90,66 %
tag:stardog:api:g_simmel;1;25189;90,66 %
tag:stardog:api:pleurotus;1;25190;90,66 %
tag:stardog:api:andrew_feenberg;1;25191;90,67 %
tag:stardog:api:sinara_rubia;1;25192;90,67 %
tag:stardog:api:zoia;1;25193;90,67 %
tag:stardog:api:nos_cocares;1;25194;90,68 %
tag:stardog:api:pestana;1;25195;90,68 %
tag:stardog:api:dom_malan;1;25196;90,69 %
tag:stardog:api:laure;1;25197;90,69 %
tag:stardog:api:para_dissipacao;1;25198;90,69 %
tag:stardog:api:vinas;1;25199;90,70 %
tag:stardog:api:joyce_s;1;25200;90,70 %
tag:stardog:api:mestre_pastinha;1;25201;90,70 %
tag:stardog:api:arthur_bispo_do_rosario;1;25202;90,71 %
tag:stardog:api:santos_rosa;1;25203;90,71 %
tag:stardog:api:biosociodemographic;1;25204;90,71 %
tag:stardog:api:pacha;1;25205;90,72 %
tag:stardog:api:gregolin;1;25206;90,72 %
tag:stardog:api:gastao_moutinho;1;25207;90,72 %
tag:stardog:api:joaquim_cassiano_alves;1;25208;90,73 %
tag:stardog:api:enrique_leffs_idea;1;25209;90,73 %
tag:stardog:api:martinsmyia_oliveirai;1;25210;90,74 %
tag:stardog:api:britto;1;25211;90,74 %
tag:stardog:api:goodson;1;25212;90,74 %
tag:stardog:api:emily_pauline_johnson;1;25213;90,75 %
tag:stardog:api:manuel_bandeira;1;25214;90,75 %
tag:stardog:api:moringa_oleifera_lam;1;25215;90,75 %
tag:stardog:api:blandaltman;1;25216;90,76 %
tag:stardog:api:oficios;1;25217;90,76 %
tag:stardog:api:frente_negra_pelotense;1;25218;90,76 %
tag:stardog:api:piovesan;1;25219;90,77 %
tag:stardog:api:heron;1;25220;90,77 %
tag:stardog:api:casamento_de_ciganos;1;25221;90,78 %
tag:stardog:api:arraes;1;25222;90,78 %
tag:stardog:api:claude_raffestin;1;25223;90,78 %
tag:stardog:api:benjamin_1994;1;25224;90,79 %
tag:stardog:api:atanas_marcaf;1;25225;90,79 %
tag:stardog:api:prof_dr_andrea_ciacchi;1;25226;90,79 %
tag:stardog:api:nobrega;1;25227;90,80 %
tag:stardog:api:hambate_ba;1;25228;90,80 %
tag:stardog:api:talhadoin;1;25229;90,80 %
tag:stardog:api:paulo_reglus_freire;1;25230;90,81 %
tag:stardog:api:telomeros;1;25231;90,81 %
tag:stardog:api:genipauba;1;25232;90,81 %
tag:stardog:api:paullinia_cupana_kunth;1;25233;90,82 %
tag:stardog:api:fernando_segolin;1;25234;90,82 %
tag:stardog:api:matsubara;1;25235;90,83 %
tag:stardog:api:tensas_relacoes;1;25236;90,83 %
tag:stardog:api:artivistas;1;25237;90,83 %
tag:stardog:api:chimamanda_adichie2019;1;25238;90,84 %
tag:stardog:api:enfoco;1;25239;90,84 %
tag:stardog:api:cultive;1;25240;90,84 %
tag:stardog:api:mestre_lila;1;25241;90,85 %
tag:stardog:api:kopenoti;1;25242;90,85 %
tag:stardog:api:polosbase;1;25243;90,85 %
tag:stardog:api:toca;1;25244;90,86 %
tag:stardog:api:obidospara;1;25245;90,86 %
tag:stardog:api:de_certeau;1;25246;90,87 %
tag:stardog:api:timothy_taylor;1;25247;90,87 %
tag:stardog:api:fernando_antonio_mendes_facanha;1;25248;90,87 %
tag:stardog:api:david_canabarro;1;25249;90,88 %
tag:stardog:api:sese;1;25250;90,88 %
tag:stardog:api:bertholletia;1;25251;90,88 %
tag:stardog:api:africanos_diasporicos;1;25252;90,89 %
tag:stardog:api:dr_carlos_alberto_de_medeiros_lima;1;25253;90,89 %
tag:stardog:api:agricultura_camponesa_e;1;25254;90,89 %
tag:stardog:api:atravessadas;1;25255;90,90 %
tag:stardog:api:pena_bertolini;1;25256;90,90 %
tag:stardog:api:articulei;1;25257;90,90 %
tag:stardog:api:litania_da_velha;1;25258;90,91 %
tag:stardog:api:hick;1;25259;90,91 %
tag:stardog:api:charagua_iyambae;1;25260;90,92 %
tag:stardog:api:__in;1;25261;90,92 %
tag:stardog:api:paul_preciado;1;25262;90,92 %
tag:stardog:api:jeanmarc_fontan;1;25263;90,93 %
tag:stardog:api:mahommah_gardo_baquaquas;1;25264;90,93 %
tag:stardog:api:itaipu_eletronico;1;25265;90,93 %
tag:stardog:api:edmund_leach;1;25266;90,94 %
tag:stardog:api:renata_evans;1;25267;90,94 %
tag:stardog:api:alves_de_barros;1;25268;90,94 %
tag:stardog:api:saya;1;25269;90,95 %
tag:stardog:api:martinez_et_al;1;25270;90,95 %
tag:stardog:api:dr_roldao_da_rocha_junior;1;25271;90,96 %
tag:stardog:api:da_barra;1;25272;90,96 %
tag:stardog:api:pijao_do_tolima;1;25273;90,96 %
tag:stardog:api:montanas;1;25274;90,97 %
tag:stardog:api:boley;1;25275;90,97 %
tag:stardog:api:comolli;1;25276;90,97 %
tag:stardog:api:haegui_kovae_kuaxia;1;25277;90,98 %
tag:stardog:api:the_king_of_portugal;1;25278;90,98 %
tag:stardog:api:cheias_de_charme;1;25279;90,98 %
tag:stardog:api:serpents;1;25280;90,99 %
tag:stardog:api:anselm_strauss;1;25281;90,99 %
tag:stardog:api:butt__king;1;25282;90,99 %
tag:stardog:api:poits;1;25283;91,00 %
tag:stardog:api:joan_black;1;25284;91,00 %
tag:stardog:api:jose_rufino_dos_santos;1;25285;91,01 %
tag:stardog:api:restinga_secars;1;25286;91,01 %
tag:stardog:api:baunilha;1;25287;91,01 %
tag:stardog:api:lais_bodanzky;1;25288;91,02 %
tag:stardog:api:arapucu;1;25289;91,02 %
tag:stardog:api:orlandis_discourse_analysis;1;25290;91,02 %
tag:stardog:api:camundongos;1;25291;91,03 %
tag:stardog:api:renato_sztutman;1;25292;91,03 %
tag:stardog:api:leni_vieira_dornelles;1;25293;91,03 %
tag:stardog:api:chalhoub;1;25294;91,04 %
tag:stardog:api:fante;1;25295;91,04 %
tag:stardog:api:percursorio;1;25296;91,05 %
tag:stardog:api:maria_beatriz_do_nascimento;1;25297;91,05 %
tag:stardog:api:m_macrodidyma;1;25298;91,05 %
tag:stardog:api:franz_fannon;1;25299;91,06 %
tag:stardog:api:leonardo_oliveira_reis;1;25300;91,06 %
tag:stardog:api:guayakiache;1;25301;91,06 %
tag:stardog:api:kazeem;1;25302;91,07 %
tag:stardog:api:dr_sidney_jard_da_silva;1;25303;91,07 %
tag:stardog:api:washington_quaqua;1;25304;91,07 %
tag:stardog:api:anastasia_kavada;1;25305;91,08 %
tag:stardog:api:denise_maldidier;1;25306;91,08 %
tag:stardog:api:juana_elbein_dos_santos;1;25307;91,08 %
tag:stardog:api:leo_sette;1;25308;91,09 %
tag:stardog:api:zanotto19951998;1;25309;91,09 %
tag:stardog:api:joao_jose_de_faria;1;25310;91,10 %
tag:stardog:api:kadiweus;1;25311;91,10 %
tag:stardog:api:alfredo_gomes;1;25312;91,10 %
tag:stardog:api:julia_leal;1;25313;91,11 %
tag:stardog:api:maurice_tardif;1;25314;91,11 %
tag:stardog:api:oxisols;1;25315;91,11 %
tag:stardog:api:lucia_nascimento;1;25316;91,12 %
tag:stardog:api:constructos_flutuantes;1;25317;91,12 %
tag:stardog:api:jason_read;1;25318;91,12 %
tag:stardog:api:manovich;1;25319;91,13 %
tag:stardog:api:ly;1;25320;91,13 %
tag:stardog:api:canon;1;25321;91,14 %
tag:stardog:api:moniz_tavares;1;25322;91,14 %
tag:stardog:api:mariecelie_agnant;1;25323;91,14 %
tag:stardog:api:milton_moura;1;25324;91,15 %
tag:stardog:api:ara_vera;1;25325;91,15 %
tag:stardog:api:helene_cixous;1;25326;91,15 %
tag:stardog:api:tamuranei;1;25327;91,16 %
tag:stardog:api:joan_acker;1;25328;91,16 %
tag:stardog:api:fe3;1;25329;91,16 %
tag:stardog:api:historiograph;1;25330;91,17 %
tag:stardog:api:junger_haberman;1;25331;91,17 %
tag:stardog:api:vera_stedile_zattera;1;25332;91,17 %
tag:stardog:api:willian_finlaison;1;25333;91,18 %
tag:stardog:api:petronilha_beatriz_goncalves_da_silva_e_silva;1;25334;91,18 %
tag:stardog:api:rosa_margarida;1;25335;91,19 %
tag:stardog:api:l_guyanensis;1;25336;91,19 %
tag:stardog:api:plinio_marcos;1;25337;91,19 %
tag:stardog:api:son;1;25338;91,20 %
tag:stardog:api:filopoetica_afrodiasporica;1;25339;91,20 %
tag:stardog:api:u_braun;1;25340;91,20 %
tag:stardog:api:samuel_rocha_de_oliveira;1;25341;91,21 %
tag:stardog:api:edir_braga;1;25342;91,21 %
tag:stardog:api:n_meningitidis;1;25343;91,21 %
tag:stardog:api:von_spix;1;25344;91,22 %
tag:stardog:api:maruai;1;25345;91,22 %
tag:stardog:api:andre_cavalcante_barbosa;1;25346;91,23 %
tag:stardog:api:gabriela;1;25347;91,23 %
tag:stardog:api:muleka_mwewa;1;25348;91,23 %
tag:stardog:api:colegio_sao_luis;1;25349;91,24 %
tag:stardog:api:mbya_ro;1;25350;91,24 %
tag:stardog:api:suburbana;1;25351;91,24 %
tag:stardog:api:raposa_i;1;25352;91,25 %
tag:stardog:api:joao_da_silva_machado;1;25353;91,25 %
tag:stardog:api:scherrer;1;25354;91,25 %
tag:stardog:api:essa_dissertacao_propoe_analisar;1;25355;91,26 %
tag:stardog:api:morus_sp;1;25356;91,26 %
tag:stardog:api:claudio_barros;1;25357;91,26 %
tag:stardog:api:kaingang_indians;1;25358;91,27 %
tag:stardog:api:astrocaryum;1;25359;91,27 %
tag:stardog:api:romildo_fernandes;1;25360;91,28 %
tag:stardog:api:baen;1;25361;91,28 %
tag:stardog:api:restabelecer;1;25362;91,28 %
tag:stardog:api:im;1;25363;91,29 %
tag:stardog:api:kirksey;1;25364;91,29 %
tag:stardog:api:alexandre_nodari;1;25365;91,29 %
tag:stardog:api:itgu;1;25366;91,30 %
tag:stardog:api:sh;1;25367;91,30 %
tag:stardog:api:a_brassicicola;1;25368;91,30 %
tag:stardog:api:blackscholesmerton;1;25369;91,31 %
tag:stardog:api:antonio_clemente_pinto;1;25370;91,31 %
tag:stardog:api:alexandre_ronaldo_da_maia;1;25371;91,32 %
tag:stardog:api:jean_kaufmann;1;25372;91,32 %
tag:stardog:api:miles;1;25373;91,32 %
tag:stardog:api:doenca_de_parkinson;1;25374;91,33 %
tag:stardog:api:saturnino_de_sousa_e_oliveira;1;25375;91,33 %
tag:stardog:api:gudynas;1;25376;91,33 %
tag:stardog:api:coco_de_roda_do_quilombo_do_ipiranga;1;25377;91,34 %
tag:stardog:api:alvaro_faleiros;1;25378;91,34 %
tag:stardog:api:de_maeyer;1;25379;91,34 %
tag:stardog:api:william_savage;1;25380;91,35 %
tag:stardog:api:sem_terras;1;25381;91,35 %
tag:stardog:api:lauriene_seraguza;1;25382;91,35 %
tag:stardog:api:fernando_pessoa;1;25383;91,36 %
tag:stardog:api:or100;1;25384;91,36 %
tag:stardog:api:couto_vieira_de_magalhaes;1;25385;91,37 %
tag:stardog:api:sosigenes_costa;1;25386;91,37 %
tag:stardog:api:louis_auguste_moreau;1;25387;91,37 %
tag:stardog:api:maria_raquel_apolinario;1;25388;91,38 %
tag:stardog:api:b_bassiana;1;25389;91,38 %
tag:stardog:api:bispo_d_joao_antonio_dos_santos;1;25390;91,38 %
tag:stardog:api:p_maximum;1;25391;91,39 %
tag:stardog:api:mario_van_peebles;1;25392;91,39 %
tag:stardog:api:boundary_spanners;1;25393;91,39 %
tag:stardog:api:maximilian;1;25394;91,40 %
tag:stardog:api:boraryarapiun;1;25395;91,40 %
tag:stardog:api:yanomamy;1;25396;91,41 %
tag:stardog:api:ladislau_de_souza_mello_netto;1;25397;91,41 %
tag:stardog:api:capim_verde;1;25398;91,41 %
tag:stardog:api:irmandade_nossa_senhora_do_rosario;1;25399;91,42 %
tag:stardog:api:leitura_literaria_de_saudade_da_vila;1;25400;91,42 %
tag:stardog:api:the_igarape_ira;1;25401;91,42 %
tag:stardog:api:troschel;1;25402;91,43 %
tag:stardog:api:larissa_liz_odreski_ramina;1;25403;91,43 %
tag:stardog:api:joao_pessoa__the_union;1;25404;91,43 %
tag:stardog:api:joao_serrano;1;25405;91,44 %
tag:stardog:api:regina_polo_muller;1;25406;91,44 %
tag:stardog:api:vista_minha_pele;1;25407;91,44 %
tag:stardog:api:camilos;1;25408;91,45 %
tag:stardog:api:colective_standpoints_relacionandoos;1;25409;91,45 %
tag:stardog:api:travis;1;25410;91,46 %
tag:stardog:api:carmo_franceschini__ufu;1;25411;91,46 %
tag:stardog:api:juliao_cristo;1;25412;91,46 %
tag:stardog:api:merton;1;25413;91,47 %
tag:stardog:api:marta_quinonez;1;25414;91,47 %
tag:stardog:api:severo;1;25415;91,47 %
tag:stardog:api:figueredo;1;25416;91,48 %
tag:stardog:api:artivista;1;25417;91,48 %
tag:stardog:api:da_paz;1;25418;91,48 %
tag:stardog:api:dona_tereza_silva;1;25419;91,49 %
tag:stardog:api:clomazona;1;25420;91,49 %
tag:stardog:api:project;1;25421;91,50 %
tag:stardog:api:vanilde_ferreira_de_souza_esquerdo;1;25422;91,50 %
tag:stardog:api:garciacanclini;1;25423;91,50 %
tag:stardog:api:an23;1;25424;91,51 %
tag:stardog:api:hahahai_pataxo;1;25425;91,51 %
tag:stardog:api:ann;1;25426;91,51 %
tag:stardog:api:dean_armitage;1;25427;91,52 %
tag:stardog:api:zanelli;1;25428;91,52 %
tag:stardog:api:jose_rubino_de_oliveira;1;25429;91,52 %
tag:stardog:api:historicizar;1;25430;91,53 %
tag:stardog:api:phaeophragmeriella;1;25431;91,53 %
tag:stardog:api:nas_decadas_de_1980_e_1990;1;25432;91,53 %
tag:stardog:api:baldus;1;25433;91,54 %
tag:stardog:api:flavia_medeiros;1;25434;91,54 %
tag:stardog:api:cibele_lopresti_costa;1;25435;91,55 %
tag:stardog:api:walter_benjamim;1;25436;91,55 %
tag:stardog:api:marco_aurelio_luz;1;25437;91,55 %
tag:stardog:api:oikuaa_yma_guive_ae_ma;1;25438;91,56 %
tag:stardog:api:patricio_guzman;1;25439;91,56 %
tag:stardog:api:bildungsroman;1;25440;91,56 %
tag:stardog:api:x_citris;1;25441;91,57 %
tag:stardog:api:nilma_l_gomes_e;1;25442;91,57 %
tag:stardog:api:yanonami_de_maturaca;1;25443;91,57 %
tag:stardog:api:guillaume;1;25444;91,58 %
tag:stardog:api:gabriel_nascimento;1;25445;91,58 %
tag:stardog:api:yalorixa_jambombori;1;25446;91,59 %
tag:stardog:api:martiniano_silva;1;25447;91,59 %
tag:stardog:api:deivid_pereira;1;25448;91,59 %
tag:stardog:api:anuscheh_farahat;1;25449;91,60 %
tag:stardog:api:emanuel_levinas;1;25450;91,60 %
tag:stardog:api:maria_nazareth_soares_fonseca;1;25451;91,60 %
tag:stardog:api:vp_fasico;1;25452;91,61 %
tag:stardog:api:laco_de_fita;1;25453;91,61 %
tag:stardog:api:historicos;1;25454;91,61 %
tag:stardog:api:alforrias;1;25455;91,62 %
tag:stardog:api:marshall_rosenberg;1;25456;91,62 %
tag:stardog:api:allison_hargreaves;1;25457;91,62 %
tag:stardog:api:pau_brasil;1;25458;91,63 %
tag:stardog:api:ferraroti;1;25459;91,63 %
tag:stardog:api:vera_teixeira_aguiar;1;25460;91,64 %
tag:stardog:api:velasco;1;25461;91,64 %
tag:stardog:api:ana_julia;1;25462;91,64 %
tag:stardog:api:evangelica_luterana;1;25463;91,65 %
tag:stardog:api:la_diosa_y_la_noche;1;25464;91,65 %
tag:stardog:api:hydromorphic_podzol;1;25465;91,65 %
tag:stardog:api:jack_london;1;25466;91,66 %
tag:stardog:api:jeferson_de;1;25467;91,66 %
tag:stardog:api:roberta_estrela_dalva;1;25468;91,66 %
tag:stardog:api:waldemar_bispo_duarte;1;25469;91,67 %
tag:stardog:api:maria_stella_martins_bresciani;1;25470;91,67 %
tag:stardog:api:geraizeiro;1;25471;91,68 %
tag:stardog:api:dissonancia_cognitiva;1;25472;91,68 %
tag:stardog:api:faustina;1;25473;91,68 %
tag:stardog:api:ricardo_teles;1;25474;91,69 %
tag:stardog:api:omoikoteve_uka;1;25475;91,69 %
tag:stardog:api:sao_benedito_da_ponta;1;25476;91,69 %
tag:stardog:api:emmanuelle_jouannets;1;25477;91,70 %
tag:stardog:api:dynamizes_brazilian_society;1;25478;91,70 %
tag:stardog:api:pierre_muller;1;25479;91,70 %
tag:stardog:api:luis_gama;1;25480;91,71 %
tag:stardog:api:jean_pricemars;1;25481;91,71 %
tag:stardog:api:e_por_meio_desse_enredo_que;1;25482;91,71 %
tag:stardog:api:manoel_ciriaco_dos_santos;1;25483;91,72 %
tag:stardog:api:garcas_pole;1;25484;91,72 %
tag:stardog:api:inharandu_rupi;1;25485;91,73 %
tag:stardog:api:aderecos_e_a_denominacao_que;1;25486;91,73 %
tag:stardog:api:musa_x_p_fijiensis;1;25487;91,73 %
tag:stardog:api:m_curvatum;1;25488;91,74 %
tag:stardog:api:lele;1;25489;91,74 %
tag:stardog:api:cassiano_caon_amorim;1;25490;91,74 %
tag:stardog:api:susan_bordo;1;25491;91,75 %
tag:stardog:api:coffea;1;25492;91,75 %
tag:stardog:api:tuckey;1;25493;91,75 %
tag:stardog:api:rita_baiana;1;25494;91,76 %
tag:stardog:api:tupac_katari;1;25495;91,76 %
tag:stardog:api:frigo_denardin;1;25496;91,77 %
tag:stardog:api:antonio_vieira_s;1;25497;91,77 %
tag:stardog:api:honwana;1;25498;91,77 %
tag:stardog:api:masters;1;25499;91,78 %
tag:stardog:api:oware;1;25500;91,78 %
tag:stardog:api:navarro;1;25501;91,78 %
tag:stardog:api:orna_messer_levin;1;25502;91,79 %
tag:stardog:api:manoel_gildo_alves_neto;1;25503;91,79 %
tag:stardog:api:madihadeni;1;25504;91,79 %
tag:stardog:api:alexandre_herbetta;1;25505;91,80 %
tag:stardog:api:rebelioes_da_senzala;1;25506;91,80 %
tag:stardog:api:bruno;1;25507;91,80 %
tag:stardog:api:gospel;1;25508;91,81 %
tag:stardog:api:diacronica_e_sincronica;1;25509;91,81 %
tag:stardog:api:reurb;1;25510;91,82 %
tag:stardog:api:mahsaku322a_yaiwa;1;25511;91,82 %
tag:stardog:api:cruz_cabralia;1;25512;91,82 %
tag:stardog:api:dilodendron_bipinnatum;1;25513;91,83 %
tag:stardog:api:afonso_arinos_de_mello_franco;1;25514;91,83 %
tag:stardog:api:mae_preta;1;25515;91,83 %
tag:stardog:api:celia_xakriaba;1;25516;91,84 %
tag:stardog:api:rogerio_borges;1;25517;91,84 %
tag:stardog:api:armindo_biao;1;25518;91,84 %
tag:stardog:api:alvaro_de_oliveira_dantona;1;25519;91,85 %
tag:stardog:api:marcia_gojten_nascimento;1;25520;91,85 %
tag:stardog:api:statham;1;25521;91,86 %
tag:stardog:api:aldemir_barros_da_silva_junior;1;25522;91,86 %
tag:stardog:api:seu_darcio_geraldo;1;25523;91,86 %
tag:stardog:api:osvaldo_lisboa_dos_santos;1;25524;91,87 %
tag:stardog:api:ouri;1;25525;91,87 %
tag:stardog:api:kairos;1;25526;91,87 %
tag:stardog:api:marcos_aurelio_saguet;1;25527;91,88 %
tag:stardog:api:gertz;1;25528;91,88 %
tag:stardog:api:niltonmilanez;1;25529;91,88 %
tag:stardog:api:emilio_barao;1;25530;91,89 %
tag:stardog:api:felix_ayohomidire;1;25531;91,89 %
tag:stardog:api:rodrigo_franca;1;25532;91,89 %
tag:stardog:api:ellen_forney;1;25533;91,90 %
tag:stardog:api:conceicaoevaristo;1;25534;91,90 %
tag:stardog:api:corsaro2005;1;25535;91,91 %
tag:stardog:api:russel_jacoby;1;25536;91,91 %
tag:stardog:api:amanha;1;25537;91,91 %
tag:stardog:api:letramento_umi_tekove_avakuera_ypykue_oikeva;1;25538;91,92 %
tag:stardog:api:mario_lago_sobre_sistemas_agroflorestais_agroecologicos;1;25539;91,92 %
tag:stardog:api:e_uchi;1;25540;91,92 %
tag:stardog:api:thompsons;1;25541;91,93 %
tag:stardog:api:jacques_roumain;1;25542;91,93 %
tag:stardog:api:plummer;1;25543;91,93 %
tag:stardog:api:eixos_rodoferroviarios;1;25544;91,94 %
tag:stardog:api:jose_bengoa;1;25545;91,94 %
tag:stardog:api:hoje_dem;1;25546;91,95 %
tag:stardog:api:atentome;1;25547;91,95 %
tag:stardog:api:ceremony;1;25548;91,95 %
tag:stardog:api:sio;1;25549;91,96 %
tag:stardog:api:dr_dinaldo_sepulveda_almendra_filho;1;25550;91,96 %
tag:stardog:api:marcia_helena_alvim;1;25551;91,96 %
tag:stardog:api:filipe_camarao;1;25552;91,97 %
tag:stardog:api:rizzini;1;25553;91,97 %
tag:stardog:api:adelson_lopes_peixoto;1;25554;91,97 %
tag:stardog:api:tereza_cochar_magalhaes;1;25555;91,98 %
tag:stardog:api:austen;1;25556;91,98 %
tag:stardog:api:jean_molino;1;25557;91,98 %
tag:stardog:api:simba;1;25558;91,99 %
tag:stardog:api:shores;1;25559;91,99 %
tag:stardog:api:mostrecurringpointsin_theselawsuits;1;25560;92,00 %
tag:stardog:api:nosella;1;25561;92,00 %
tag:stardog:api:p_erythrocephala;1;25562;92,00 %
tag:stardog:api:joana;1;25563;92,01 %
tag:stardog:api:rodrigo_ednilson_de_jesus;1;25564;92,01 %
tag:stardog:api:joao_luiz_lafeta;1;25565;92,01 %
tag:stardog:api:vahl;1;25566;92,02 %
tag:stardog:api:toototopi;1;25567;92,02 %
tag:stardog:api:cicero_romao_batista;1;25568;92,02 %
tag:stardog:api:fernanda_ielpo;1;25569;92,03 %
tag:stardog:api:baart;1;25570;92,03 %
tag:stardog:api:giorgi;1;25571;92,03 %
tag:stardog:api:intolerancias_correlatas;1;25572;92,04 %
tag:stardog:api:almeida_nogueira;1;25573;92,04 %
tag:stardog:api:ser;1;25574;92,05 %
tag:stardog:api:helena_machado;1;25575;92,05 %
tag:stardog:api:betty_meggers;1;25576;92,05 %
tag:stardog:api:fe2o3t;1;25577;92,06 %
tag:stardog:api:boole;1;25578;92,06 %
tag:stardog:api:laranja;1;25579;92,06 %
tag:stardog:api:mortatti;1;25580;92,07 %
tag:stardog:api:discutisse;1;25581;92,07 %
tag:stardog:api:enoi_bezerra_de_limas;1;25582;92,07 %
tag:stardog:api:sundiata;1;25583;92,08 %
tag:stardog:api:stella_azevedo_dos_santos;1;25584;92,08 %
tag:stardog:api:joao_do_rio;1;25585;92,09 %
tag:stardog:api:tao_bruni;1;25586;92,09 %
tag:stardog:api:paulo_cesar_da_silva_teles;1;25587;92,09 %
tag:stardog:api:escolano_benito;1;25588;92,10 %
tag:stardog:api:psophia_crepitans;1;25589;92,10 %
tag:stardog:api:descrevese;1;25590;92,10 %
tag:stardog:api:sojourner_truth;1;25591;92,11 %
tag:stardog:api:transitaram;1;25592;92,11 %
tag:stardog:api:dom_feliciano;1;25593;92,11 %
tag:stardog:api:vidaque;1;25594;92,12 %
tag:stardog:api:regina_becker_fortunatti;1;25595;92,12 %
tag:stardog:api:waldemar_berardinelli;1;25596;92,12 %
tag:stardog:api:bacamarte;1;25597;92,13 %
tag:stardog:api:jamile_dias;1;25598;92,13 %
tag:stardog:api:arthaud;1;25599;92,14 %
tag:stardog:api:patanjali;1;25600;92,14 %
tag:stardog:api:silva_lara;1;25601;92,14 %
tag:stardog:api:rememorar;1;25602;92,15 %
tag:stardog:api:albaladejo;1;25603;92,15 %
tag:stardog:api:fluvic_inceptsols;1;25604;92,15 %
tag:stardog:api:urucurana_baill;1;25605;92,16 %
tag:stardog:api:eros;1;25606;92,16 %
tag:stardog:api:washington_cucurto;1;25607;92,16 %
tag:stardog:api:edmundo_pacheco_hora;1;25608;92,17 %
tag:stardog:api:seyfert_eso428g14;1;25609;92,17 %
tag:stardog:api:dairaaiye_axe_orum;1;25610;92,18 %
tag:stardog:api:david_mora;1;25611;92,18 %
tag:stardog:api:iolanda_de_oliveira;1;25612;92,18 %
tag:stardog:api:bergson;1;25613;92,19 %
tag:stardog:api:values;1;25614;92,19 %
tag:stardog:api:apyawa__tapirape;1;25615;92,19 %
tag:stardog:api:versea;1;25616;92,20 %
tag:stardog:api:ribeiro__ascaxar;1;25617;92,20 %
tag:stardog:api:evani_tavares_de_lima;1;25618;92,20 %
tag:stardog:api:andre_carreira;1;25619;92,21 %
tag:stardog:api:thematizes_african;1;25620;92,21 %
tag:stardog:api:sonia_maria_pessoa_pereira_bergamasco;1;25621;92,21 %
tag:stardog:api:irmandades_de_nossa_senhora_do_rosario;1;25622;92,22 %
tag:stardog:api:john_pocock;1;25623;92,22 %
tag:stardog:api:quilombola_pedra;1;25624;92,23 %
tag:stardog:api:salete_maria_da_silva;1;25625;92,23 %
tag:stardog:api:pereira_machado;1;25626;92,23 %
tag:stardog:api:alan_bishop;1;25627;92,24 %
tag:stardog:api:luiza_mahin;1;25628;92,24 %
tag:stardog:api:da_greve;1;25629;92,24 %
tag:stardog:api:adelson_peixoto;1;25630;92,25 %
tag:stardog:api:graziano_da_silva;1;25631;92,25 %
tag:stardog:api:mikhail_bakhtin_s;1;25632;92,25 %
tag:stardog:api:shallre_fer;1;25633;92,26 %
tag:stardog:api:rev_bras;1;25634;92,26 %
tag:stardog:api:paviani;1;25635;92,27 %
tag:stardog:api:suassui;1;25636;92,27 %
tag:stardog:api:patricia_hill_colins;1;25637;92,27 %
tag:stardog:api:missa_inculturada;1;25638;92,28 %
tag:stardog:api:upe_jehejaukapyra;1;25639;92,28 %
tag:stardog:api:hypoptopomatinae_gen_sp;1;25640;92,28 %
tag:stardog:api:sandra_egly;1;25641;92,29 %
tag:stardog:api:anastasios;1;25642;92,29 %
tag:stardog:api:burnier;1;25643;92,29 %
tag:stardog:api:joao_de_camargo;1;25644;92,30 %
tag:stardog:api:haplic_cambisols;1;25645;92,30 %
tag:stardog:api:robert_e_hawkins;1;25646;92,30 %
tag:stardog:api:pilad_rebua;1;25647;92,31 %
tag:stardog:api:upeicha;1;25648;92,31 %
tag:stardog:api:microhistory;1;25649;92,32 %
tag:stardog:api:miguel_falabella;1;25650;92,32 %
tag:stardog:api:romeo;1;25651;92,32 %
tag:stardog:api:reificao;1;25652;92,33 %
tag:stardog:api:robert_warrior;1;25653;92,33 %
tag:stardog:api:da_vila_de_ilheus;1;25654;92,33 %
tag:stardog:api:ocupacao_mulheres_mirabal;1;25655;92,34 %
tag:stardog:api:jeremy_bentham;1;25656;92,34 %
tag:stardog:api:barros_cunha;1;25657;92,34 %
tag:stardog:api:bergala;1;25658;92,35 %
tag:stardog:api:baseia;1;25659;92,35 %
tag:stardog:api:aswath_damodaran;1;25660;92,36 %
tag:stardog:api:alex_halley;1;25661;92,36 %
tag:stardog:api:cesario_ribeiro_mendes;1;25662;92,36 %
tag:stardog:api:dados_coletados;1;25663;92,37 %
tag:stardog:api:foram_utilizadas_variadas;1;25664;92,37 %
tag:stardog:api:emilia_wanda_rutkowski;1;25665;92,37 %
tag:stardog:api:trauma;1;25666;92,38 %
tag:stardog:api:cincinato;1;25667;92,38 %
tag:stardog:api:campus_itapina;1;25668;92,38 %
tag:stardog:api:m_flexuosa;1;25669;92,39 %
tag:stardog:api:telesforo_fontes;1;25670;92,39 %
tag:stardog:api:neoproterozoicocambriano;1;25671;92,39 %
tag:stardog:api:jambuacu_moju;1;25672;92,40 %
tag:stardog:api:jacira_mouras;1;25673;92,40 %
tag:stardog:api:paverama;1;25674;92,41 %
tag:stardog:api:cassia_cristina_da_silva;1;25675;92,41 %
tag:stardog:api:ana_lucia;1;25676;92,41 %
tag:stardog:api:bhabha_geertz;1;25677;92,42 %
tag:stardog:api:hep2;1;25678;92,42 %
tag:stardog:api:ile_oju_ode_terreiro;1;25679;92,42 %
tag:stardog:api:tenderam;1;25680;92,43 %
tag:stardog:api:figueiredo_a;1;25681;92,43 %
tag:stardog:api:ismael_silva;1;25682;92,43 %
tag:stardog:api:carlo_ginsburg;1;25683;92,44 %
tag:stardog:api:adalberto_heide;1;25684;92,44 %
tag:stardog:api:l41;1;25685;92,45 %
tag:stardog:api:tico_tico;1;25686;92,45 %
tag:stardog:api:macumbeiro;1;25687;92,45 %
tag:stardog:api:raymond_adamore;1;25688;92,46 %
tag:stardog:api:pachiculimba;1;25689;92,46 %
tag:stardog:api:aboutour;1;25690;92,46 %
tag:stardog:api:sewell;1;25691;92,47 %
tag:stardog:api:mud_drapes;1;25692;92,47 %
tag:stardog:api:vera_triumpho;1;25693;92,47 %
tag:stardog:api:maurice_blanchot;1;25694;92,48 %
tag:stardog:api:carola_saveedra;1;25695;92,48 %
tag:stardog:api:pi_tanfire_guardian;1;25696;92,48 %
tag:stardog:api:xamba;1;25697;92,49 %
tag:stardog:api:planktotrhix_agardhii;1;25698;92,49 %
tag:stardog:api:esperanca_garcias;1;25699;92,50 %
tag:stardog:api:dona_maria_rita;1;25700;92,50 %
tag:stardog:api:gilles_deleuzes;1;25701;92,50 %
tag:stardog:api:a_c_de_oliveira;1;25702;92,51 %
tag:stardog:api:positivismo;1;25703;92,51 %
tag:stardog:api:pankaratu;1;25704;92,51 %
tag:stardog:api:jaryi;1;25705;92,52 %
tag:stardog:api:reproduo;1;25706;92,52 %
tag:stardog:api:dcnt;1;25707;92,52 %
tag:stardog:api:complementizer;1;25708;92,53 %
tag:stardog:api:joel_rufino;1;25709;92,53 %
tag:stardog:api:guaviraty;1;25710;92,54 %
tag:stardog:api:sandra_harding;1;25711;92,54 %
tag:stardog:api:dora_gago;1;25712;92,54 %
tag:stardog:api:joao_barrento;1;25713;92,55 %
tag:stardog:api:tuichaveva_hina;1;25714;92,55 %
tag:stardog:api:moreau_de_saint_mery;1;25715;92,55 %
tag:stardog:api:guare_omombareteva_umi;1;25716;92,56 %
tag:stardog:api:william_kentridge;1;25717;92,56 %
tag:stardog:api:xiii_tepeilhuitl;1;25718;92,56 %
tag:stardog:api:kenneth_l_pike;1;25719;92,57 %
tag:stardog:api:luta;1;25720;92,57 %
tag:stardog:api:aloka_panikar;1;25721;92,57 %
tag:stardog:api:eros_grau;1;25722;92,58 %
tag:stardog:api:anne_goliotlete;1;25723;92,58 %
tag:stardog:api:mali_makaliapi;1;25724;92,59 %
tag:stardog:api:baependi;1;25725;92,59 %
tag:stardog:api:ou_seja;1;25726;92,59 %
tag:stardog:api:mannwhitneywilcoxon;1;25727;92,60 %
tag:stardog:api:de_nardi;1;25728;92,60 %
tag:stardog:api:teresa_cunha;1;25729;92,60 %
tag:stardog:api:nivia_maria_trindadesantos;1;25730;92,61 %
tag:stardog:api:anterior;1;25731;92,61 %
tag:stardog:api:moderna_msica_popular_brasileira;1;25732;92,61 %
tag:stardog:api:xorwiko;1;25733;92,62 %
tag:stardog:api:jouannet;1;25734;92,62 %
tag:stardog:api:aarao_mendes_pintoneto;1;25735;92,63 %
tag:stardog:api:campons;1;25736;92,63 %
tag:stardog:api:relacoes_dos_saberes_da;1;25737;92,63 %
tag:stardog:api:mestre_parana;1;25738;92,64 %
tag:stardog:api:mulheres_assentadas_e_quilombolas;1;25739;92,64 %
tag:stardog:api:hae_gui_xamoi_ma_tata_rekove;1;25740;92,64 %
tag:stardog:api:andrade_gutierrez;1;25741;92,65 %
tag:stardog:api:profa_dra_joanneliese_de_lucas_freitas;1;25742;92,65 %
tag:stardog:api:ligia_cademartori;1;25743;92,65 %
tag:stardog:api:michele_satos;1;25744;92,66 %
tag:stardog:api:fermiwalker;1;25745;92,66 %
tag:stardog:api:funcionou;1;25746;92,66 %
tag:stardog:api:vodu;1;25747;92,67 %
tag:stardog:api:andre_rui_graca;1;25748;92,67 %
tag:stardog:api:sitter;1;25749;92,68 %
tag:stardog:api:carlo_ginzburgs;1;25750;92,68 %
tag:stardog:api:grooming;1;25751;92,68 %
tag:stardog:api:joazeiro_mart;1;25752;92,69 %
tag:stardog:api:obra;1;25753;92,69 %
tag:stardog:api:jose_basilio_da_gama;1;25754;92,69 %
tag:stardog:api:silionara_aparecida_madureira;1;25755;92,70 %
tag:stardog:api:planaltina_glandipedis;1;25756;92,70 %
tag:stardog:api:friedrich_wilhelm_joseph_von_schelling;1;25757;92,70 %
tag:stardog:api:alcebiades_ferreira_de_mendonca;1;25758;92,71 %
tag:stardog:api:roseli_boschilia;1;25759;92,71 %
tag:stardog:api:m_fijiensis;1;25760;92,72 %
tag:stardog:api:educationin_foz;1;25761;92,72 %
tag:stardog:api:armando_boito_junior;1;25762;92,72 %
tag:stardog:api:robert_kroetsch;1;25763;92,73 %
tag:stardog:api:rafael_dragaud;1;25764;92,73 %
tag:stardog:api:maurcio_nunes_garcia;1;25765;92,73 %
tag:stardog:api:p_hortae;1;25766;92,74 %
tag:stardog:api:pantera_negra;1;25767;92,74 %
tag:stardog:api:tarenpokon_macuxi;1;25768;92,74 %
tag:stardog:api:tylor;1;25769;92,75 %
tag:stardog:api:dorvalino_cardoso;1;25770;92,75 %
tag:stardog:api:mahommah_baquaqua;1;25771;92,75 %
tag:stardog:api:rainer_maria_rilkes;1;25772;92,76 %
tag:stardog:api:lacouture;1;25773;92,76 %
tag:stardog:api:gypsy;1;25774;92,77 %
tag:stardog:api:tem_atraido;1;25775;92,77 %
tag:stardog:api:fernando_de_azevedo;1;25776;92,77 %
tag:stardog:api:tania_pellegrini;1;25777;92,78 %
tag:stardog:api:augusto_cabrolie;1;25778;92,78 %
tag:stardog:api:samarin;1;25779;92,78 %
tag:stardog:api:erwin_piscator;1;25780;92,79 %
tag:stardog:api:jose_de_melo_e_silva;1;25781;92,79 %
tag:stardog:api:tarsila_do_amaral;1;25782;92,79 %
tag:stardog:api:barba_soeira;1;25783;92,80 %
tag:stardog:api:c_tarsata;1;25784;92,80 %
tag:stardog:api:utilizarsea;1;25785;92,81 %
tag:stardog:api:trafico_transatlantico;1;25786;92,81 %
tag:stardog:api:lineu;1;25787;92,81 %
tag:stardog:api:andrea_oreilly;1;25788;92,82 %
tag:stardog:api:miguel_g_arroyo;1;25789;92,82 %
tag:stardog:api:gabi_de_oliveira;1;25790;92,82 %
tag:stardog:api:karl_marxs;1;25791;92,83 %
tag:stardog:api:joan_riley;1;25792;92,83 %
tag:stardog:api:cinco_pontas;1;25793;92,83 %
tag:stardog:api:zoe;1;25794;92,84 %
tag:stardog:api:bengell;1;25795;92,84 %
tag:stardog:api:george_iaparra;1;25796;92,84 %
tag:stardog:api:brzuzy;1;25797;92,85 %
tag:stardog:api:isaura;1;25798;92,85 %
tag:stardog:api:ergimino_mucale;1;25799;92,86 %
tag:stardog:api:sobel;1;25800;92,86 %
tag:stardog:api:inzo_musambu;1;25801;92,86 %
tag:stardog:api:marilda_aparecida_de_menezes;1;25802;92,87 %
tag:stardog:api:i_h_o;1;25803;92,87 %
tag:stardog:api:dra_joseli_m_nunes_mendonca;1;25804;92,87 %
tag:stardog:api:perez;1;25805;92,88 %
tag:stardog:api:weisella;1;25806;92,88 %
tag:stardog:api:rogerio_andrade_barbosa;1;25807;92,88 %
tag:stardog:api:xxo;1;25808;92,89 %
tag:stardog:api:nettl;1;25809;92,89 %
tag:stardog:api:travancas;1;25810;92,90 %
tag:stardog:api:francisco_leite;1;25811;92,90 %
tag:stardog:api:pee;1;25812;92,90 %
tag:stardog:api:milton_nascimento;1;25813;92,91 %
tag:stardog:api:cupriavidus;1;25814;92,91 %
tag:stardog:api:edmund_gordon;1;25815;92,91 %
tag:stardog:api:caarapo_news;1;25816;92,92 %
tag:stardog:api:craig_s_womack;1;25817;92,92 %
tag:stardog:api:kozel;1;25818;92,92 %
tag:stardog:api:dom_pedro_i_jose_bonifacio;1;25819;92,93 %
tag:stardog:api:antonio_sergio_da_silva_arouca;1;25820;92,93 %
tag:stardog:api:reise;1;25821;92,93 %
tag:stardog:api:ion_tracks_amorfos;1;25822;92,94 %
tag:stardog:api:helia_maria_de_paula_barreto;1;25823;92,94 %
tag:stardog:api:ruvani_ranasinha;1;25824;92,95 %
tag:stardog:api:mutucas;1;25825;92,95 %
tag:stardog:api:etnicas;1;25826;92,95 %
tag:stardog:api:jaexa;1;25827;92,96 %
tag:stardog:api:dirceu_lindoso;1;25828;92,96 %
tag:stardog:api:waimiri_watroaris;1;25829;92,96 %
tag:stardog:api:renato_nogueira;1;25830;92,97 %
tag:stardog:api:luiz_de_barros_torres;1;25831;92,97 %
tag:stardog:api:orlando_luis_goulart_peres;1;25832;92,97 %
tag:stardog:api:pauline_hopkins;1;25833;92,98 %
tag:stardog:api:felipe_ribeiro;1;25834;92,98 %
tag:stardog:api:kabatek;1;25835;92,99 %
tag:stardog:api:vgiib;1;25836;92,99 %
tag:stardog:api:rio_negro__amazonas_;1;25837;92,99 %
tag:stardog:api:maza;1;25838;93,00 %
tag:stardog:api:p_b_g;1;25839;93,00 %
tag:stardog:api:heath;1;25840;93,00 %
tag:stardog:api:ezcurra;1;25841;93,01 %
tag:stardog:api:consuption;1;25842;93,01 %
tag:stardog:api:gama;1;25843;93,01 %
tag:stardog:api:walsh_c;1;25844;93,02 %
tag:stardog:api:carlos_ginzburg;1;25845;93,02 %
tag:stardog:api:cesare_beccaria;1;25846;93,02 %
tag:stardog:api:cnr;1;25847;93,03 %
tag:stardog:api:raul_zibechi;1;25848;93,03 %
tag:stardog:api:qavd;1;25849;93,04 %
tag:stardog:api:freyriana;1;25850;93,04 %
tag:stardog:api:petrona_encarnacion;1;25851;93,04 %
tag:stardog:api:paulo_nazareth;1;25852;93,05 %
tag:stardog:api:foucaultianos;1;25853;93,05 %
tag:stardog:api:hercilio;1;25854;93,05 %
tag:stardog:api:regis_henrique_dos_reis_silva;1;25855;93,06 %
tag:stardog:api:medias_para_reducao_da_contagem_de_opg;1;25856;93,06 %
tag:stardog:api:biopalma_sa;1;25857;93,06 %
tag:stardog:api:mamiraua;1;25858;93,07 %
tag:stardog:api:tyler;1;25859;93,07 %
tag:stardog:api:rscowan;1;25860;93,08 %
tag:stardog:api:piasol;1;25861;93,08 %
tag:stardog:api:the_max_weber;1;25862;93,08 %
tag:stardog:api:oikuaa_ava;1;25863;93,09 %
tag:stardog:api:taninos_condensados;1;25864;93,09 %
tag:stardog:api:fuzer;1;25865;93,09 %
tag:stardog:api:curuaia;1;25866;93,10 %
tag:stardog:api:valendose_da_teorizacao_foucaultiana_a_respeito_do_biopoder_e_da_biopolitica;1;25867;93,10 %
tag:stardog:api:governo_dilma;1;25868;93,10 %
tag:stardog:api:ema;1;25869;93,11 %
tag:stardog:api:brum;1;25870;93,11 %
tag:stardog:api:pankararu_ezequiel;1;25871;93,11 %
tag:stardog:api:mestre_jose_zumba;1;25872;93,12 %
tag:stardog:api:cabelo_de_cora;1;25873;93,12 %
tag:stardog:api:cunha_jr;1;25874;93,13 %
tag:stardog:api:aywu;1;25875;93,13 %
tag:stardog:api:barbara_geraldo_de_castro;1;25876;93,13 %
tag:stardog:api:armando_dias_mendes;1;25877;93,14 %
tag:stardog:api:mata_cavalo_slaves;1;25878;93,14 %
tag:stardog:api:roy_wagners;1;25879;93,14 %
tag:stardog:api:giovanni_luigi_bonelli;1;25880;93,15 %
tag:stardog:api:jm_coetzee;1;25881;93,15 %
tag:stardog:api:braudel;1;25882;93,15 %
tag:stardog:api:robert_a_w_slenes;1;25883;93,16 %
tag:stardog:api:tyson_yunkaporta;1;25884;93,16 %
tag:stardog:api:silvana;1;25885;93,17 %
tag:stardog:api:fundacao_getulio_vargas;1;25886;93,17 %
tag:stardog:api:campos_conceituais;1;25887;93,17 %
tag:stardog:api:cairina_moschata;1;25888;93,18 %
tag:stardog:api:silva_e_costa;1;25889;93,18 %
tag:stardog:api:protagonisms;1;25890;93,18 %
tag:stardog:api:bean;1;25891;93,19 %
tag:stardog:api:cerisara;1;25892;93,19 %
tag:stardog:api:rene_girard_s;1;25893;93,19 %
tag:stardog:api:desedipianizar;1;25894;93,20 %
tag:stardog:api:ana_luzia_pinheiro_flauzina;1;25895;93,20 %
tag:stardog:api:sinaptogenese;1;25896;93,20 %
tag:stardog:api:plackett_burman;1;25897;93,21 %
tag:stardog:api:bruno_gabiru;1;25898;93,21 %
tag:stardog:api:nhombyte_ruoi;1;25899;93,22 %
tag:stardog:api:dr_jaime_paba_martinez;1;25900;93,22 %
tag:stardog:api:adornian;1;25901;93,22 %
tag:stardog:api:heine;1;25902;93,23 %
tag:stardog:api:joyce_rodrigues;1;25903;93,23 %
tag:stardog:api:ob;1;25904;93,23 %
tag:stardog:api:evap;1;25905;93,24 %
tag:stardog:api:della_pollock;1;25906;93,24 %
tag:stardog:api:monica_alis_brick_lane;1;25907;93,24 %
tag:stardog:api:john_r_searle;1;25908;93,25 %
tag:stardog:api:mauro_w_b_de_almeida;1;25909;93,25 %
tag:stardog:api:bruna_franchetto;1;25910;93,26 %
tag:stardog:api:juanita_machado;1;25911;93,26 %
tag:stardog:api:jorane_castro;1;25912;93,26 %
tag:stardog:api:kwasi_wiredu;1;25913;93,27 %
tag:stardog:api:particularizing;1;25914;93,27 %
tag:stardog:api:uru_eu_wau_wau;1;25915;93,27 %
tag:stardog:api:jara;1;25916;93,28 %
tag:stardog:api:c_sorokiniana;1;25917;93,28 %
tag:stardog:api:elijah_muhammad;1;25918;93,28 %
tag:stardog:api:b_espinosa;1;25919;93,29 %
tag:stardog:api:moliweni;1;25920;93,29 %
tag:stardog:api:expositor_cristao;1;25921;93,29 %
tag:stardog:api:associative;1;25922;93,30 %
tag:stardog:api:nossa_awujo;1;25923;93,30 %
tag:stardog:api:afirmacoes_da;1;25924;93,31 %
tag:stardog:api:kedi_e_silva;1;25925;93,31 %
tag:stardog:api:geohistorico;1;25926;93,31 %
tag:stardog:api:seixas;1;25927;93,32 %
tag:stardog:api:fronteras_guaranis;1;25928;93,32 %
tag:stardog:api:dr_carlos_alberto_m_de_lima;1;25929;93,32 %
tag:stardog:api:leonor_arfuch_s;1;25930;93,33 %
tag:stardog:api:laudelina_de_campos_mello;1;25931;93,33 %
tag:stardog:api:determinantes_distais;1;25932;93,33 %
tag:stardog:api:sisvan_de_criancas_da;1;25933;93,34 %
tag:stardog:api:irenaeus;1;25934;93,34 %
tag:stardog:api:qnd;1;25935;93,35 %
tag:stardog:api:evandro_fioti;1;25936;93,35 %
tag:stardog:api:derick_bell;1;25937;93,35 %
tag:stardog:api:charles_tillys;1;25938;93,36 %
tag:stardog:api:elaine_lachance;1;25939;93,36 %
tag:stardog:api:de_prado;1;25940;93,36 %
tag:stardog:api:joao_alberto_freitas;1;25941;93,37 %
tag:stardog:api:living_space;1;25942;93,37 %
tag:stardog:api:macrohabitats;1;25943;93,37 %
tag:stardog:api:takens;1;25944;93,38 %
tag:stardog:api:jose_angel_quintero_weir;1;25945;93,38 %
tag:stardog:api:quiroga;1;25946;93,38 %
tag:stardog:api:poe;1;25947;93,39 %
tag:stardog:api:w_adorno;1;25948;93,39 %
tag:stardog:api:destaqu;1;25949;93,40 %
tag:stardog:api:broca;1;25950;93,40 %
tag:stardog:api:dilleniaceae;1;25951;93,40 %
tag:stardog:api:teoria_historicocultural;1;25952;93,41 %
tag:stardog:api:guaviare;1;25953;93,41 %
tag:stardog:api:roxithromycin;1;25954;93,41 %
tag:stardog:api:jean_claude_passeron;1;25955;93,42 %
tag:stardog:api:jose_taborda_de_messias;1;25956;93,42 %
tag:stardog:api:muana;1;25957;93,42 %
tag:stardog:api:p3a3;1;25958;93,43 %
tag:stardog:api:poriciwi;1;25959;93,43 %
tag:stardog:api:rappa;1;25960;93,44 %
tag:stardog:api:por_si;1;25961;93,44 %
tag:stardog:api:leucemia;1;25962;93,44 %
tag:stardog:api:byungchul_han;1;25963;93,45 %
tag:stardog:api:karu_taru;1;25964;93,45 %
tag:stardog:api:yvy_pora;1;25965;93,45 %
tag:stardog:api:nematoides_gastrintestinais;1;25966;93,46 %
tag:stardog:api:ava_guarani;1;25967;93,46 %
tag:stardog:api:tapirus;1;25968;93,46 %
tag:stardog:api:coadunadas;1;25969;93,47 %
tag:stardog:api:novas_feicoes;1;25970;93,47 %
tag:stardog:api:willie_bester;1;25971;93,47 %
tag:stardog:api:nicolau_teixeiras;1;25972;93,48 %
tag:stardog:api:m_perstans;1;25973;93,48 %
tag:stardog:api:joaquin_jose_de_miranda;1;25974;93,49 %
tag:stardog:api:muda;1;25975;93,49 %
tag:stardog:api:auaris;1;25976;93,49 %
tag:stardog:api:michel_misse;1;25977;93,50 %
tag:stardog:api:miguel_de_pascale;1;25978;93,50 %
tag:stardog:api:fernando_vilela;1;25979;93,50 %
tag:stardog:api:nossa_tese;1;25980;93,51 %
tag:stardog:api:energia;1;25981;93,51 %
tag:stardog:api:the_apyawa_;1;25982;93,51 %
tag:stardog:api:phytotoponyms;1;25983;93,52 %
tag:stardog:api:livia_saches;1;25984;93,52 %
tag:stardog:api:brepohl_de_magalhaes;1;25985;93,53 %
tag:stardog:api:guasu_kuatia_rehe_onemoiakue;1;25986;93,53 %
tag:stardog:api:lagoinha_de_baixo;1;25987;93,53 %
tag:stardog:api:methoxychlor;1;25988;93,54 %
tag:stardog:api:tex_willer;1;25989;93,54 %
tag:stardog:api:ana_luiza_bustamante_smolka;1;25990;93,54 %
tag:stardog:api:rosana_souza;1;25991;93,55 %
tag:stardog:api:gerard_vergnaud;1;25992;93,55 %
tag:stardog:api:rainha_da_soja;1;25993;93,55 %
tag:stardog:api:pedro_missioneiro;1;25994;93,56 %
tag:stardog:api:joao_francisco;1;25995;93,56 %
tag:stardog:api:joseph_kizerbo;1;25996;93,56 %
tag:stardog:api:aydano_do_couto_ferraz;1;25997;93,57 %
tag:stardog:api:tania_de_maya_pedrosa;1;25998;93,57 %
tag:stardog:api:espirito_santos;1;25999;93,58 %
tag:stardog:api:alaerte_leandro;1;26000;93,58 %
tag:stardog:api:sugerese;1;26001;93,58 %
tag:stardog:api:quilombos_barra;1;26002;93,59 %
tag:stardog:api:medvedev;1;26003;93,59 %
tag:stardog:api:antitgondii;1;26004;93,59 %
tag:stardog:api:jose_marques_de_melo;1;26005;93,60 %
tag:stardog:api:chesf;1;26006;93,60 %
tag:stardog:api:muitas_vezes_dificeis_de_mensurar;1;26007;93,60 %
tag:stardog:api:mechler;1;26008;93,61 %
tag:stardog:api:darwin;1;26009;93,61 %
tag:stardog:api:liderado_pelo;1;26010;93,62 %
tag:stardog:api:mona_lisa;1;26011;93,62 %
tag:stardog:api:dra_tania_maria_baibich;1;26012;93,62 %
tag:stardog:api:sapelli;1;26013;93,63 %
tag:stardog:api:claude_hagege;1;26014;93,63 %
tag:stardog:api:adriana_maria_bernardes_da_silva;1;26015;93,63 %
tag:stardog:api:mowatcha_yoii;1;26016;93,64 %
tag:stardog:api:eduardo_hooarnet;1;26017;93,64 %
tag:stardog:api:ritchie;1;26018;93,64 %
tag:stardog:api:leal_de_souza;1;26019;93,65 %
tag:stardog:api:rodrigo_esteves_de_lima_lopes;1;26020;93,65 %
tag:stardog:api:terreiro_caboclo_pena_branca;1;26021;93,65 %
tag:stardog:api:enrique_rickter;1;26022;93,66 %
tag:stardog:api:b_filamentosum;1;26023;93,66 %
tag:stardog:api:manoel_santiago;1;26024;93,67 %
tag:stardog:api:silvania_azevedo;1;26025;93,67 %
tag:stardog:api:jonny_salaberg;1;26026;93,67 %
tag:stardog:api:david_roedigers;1;26027;93,68 %
tag:stardog:api:emir_sader;1;26028;93,68 %
tag:stardog:api:valdeonira_dos_anjos;1;26029;93,68 %
tag:stardog:api:rafael_braga;1;26030;93,69 %
tag:stardog:api:veme;1;26031;93,69 %
tag:stardog:api:joao_batista_pereira;1;26032;93,69 %
tag:stardog:api:karipuna_galibimarworno;1;26033;93,70 %
tag:stardog:api:heloisa_andreia_de_matos_lins;1;26034;93,70 %
tag:stardog:api:zenair_maria_de_carvalho;1;26035;93,71 %
tag:stardog:api:john_mendes_jr;1;26036;93,71 %
tag:stardog:api:francesca_cavallo;1;26037;93,71 %
tag:stardog:api:auritha_tabajara;1;26038;93,72 %
tag:stardog:api:thomaz;1;26039;93,72 %
tag:stardog:api:civilist;1;26040;93,72 %
tag:stardog:api:mirandao;1;26041;93,73 %
tag:stardog:api:black_blogueiras;1;26042;93,73 %
tag:stardog:api:argumentei;1;26043;93,73 %
tag:stardog:api:igarape_lourdes_village;1;26044;93,74 %
tag:stardog:api:carla_ladeira_pimentel_aguas;1;26045;93,74 %
tag:stardog:api:wanderson_nascimento;1;26046;93,74 %
tag:stardog:api:regina_pippa_scamparini;1;26047;93,75 %
tag:stardog:api:foram_utilizadas_diversificadas_fontes_historicas;1;26048;93,75 %
tag:stardog:api:nzinga_mbandi_ngola_kiluanji;1;26049;93,76 %
tag:stardog:api:waia_rini;1;26050;93,76 %
tag:stardog:api:hiram_araujo;1;26051;93,76 %
tag:stardog:api:acevedo;1;26052;93,77 %
tag:stardog:api:atheneu_un;1;26053;93,77 %
tag:stardog:api:dallagliohattnher;1;26054;93,77 %
tag:stardog:api:salienta;1;26055;93,78 %
tag:stardog:api:migracao_interna;1;26056;93,78 %
tag:stardog:api:dona_ita;1;26057;93,78 %
tag:stardog:api:trafico_transatlantico_de_escravos_em;1;26058;93,79 %
tag:stardog:api:rhinella;1;26059;93,79 %
tag:stardog:api:carrot_farming;1;26060;93,79 %
tag:stardog:api:theodora_maria;1;26061;93,80 %
tag:stardog:api:antonio_esteves;1;26062;93,80 %
tag:stardog:api:benedito_rokag;1;26063;93,81 %
tag:stardog:api:f0;1;26064;93,81 %
tag:stardog:api:ruth_ducaso;1;26065;93,81 %
tag:stardog:api:direcao_desse_incrementalismo;1;26066;93,82 %
tag:stardog:api:apostles;1;26067;93,82 %
tag:stardog:api:andres_lamas;1;26068;93,82 %
tag:stardog:api:jose_roberto_guimaraes;1;26069;93,83 %
tag:stardog:api:xand;1;26070;93,83 %
tag:stardog:api:conapa;1;26071;93,83 %
tag:stardog:api:matteo_bonfitto;1;26072;93,84 %
tag:stardog:api:prevention;1;26073;93,84 %
tag:stardog:api:provincia_franciscana;1;26074;93,85 %
tag:stardog:api:xicao;1;26075;93,85 %
tag:stardog:api:pero_vaz_de_caminha;1;26076;93,85 %
tag:stardog:api:matalfa;1;26077;93,86 %
tag:stardog:api:eafsgc;1;26078;93,86 %
tag:stardog:api:maar;1;26079;93,86 %
tag:stardog:api:napolitano;1;26080;93,87 %
tag:stardog:api:hernan_diaz;1;26081;93,87 %
tag:stardog:api:objetivou;1;26082;93,87 %
tag:stardog:api:hirata;1;26083;93,88 %
tag:stardog:api:vdfm;1;26084;93,88 %
tag:stardog:api:municipais_de_saude;1;26085;93,88 %
tag:stardog:api:wilhelm_meister;1;26086;93,89 %
tag:stardog:api:madeleine_leiningers;1;26087;93,89 %
tag:stardog:api:wilhelm_ludwig_karl_von_eschwege;1;26088;93,90 %
tag:stardog:api:racionais;1;26089;93,90 %
tag:stardog:api:antonio_teles;1;26090;93,90 %
tag:stardog:api:holly_elizabeth_cavrell;1;26091;93,91 %
tag:stardog:api:pereztapias;1;26092;93,91 %
tag:stardog:api:l_amazonesis;1;26093;93,91 %
tag:stardog:api:daiara_tukano;1;26094;93,92 %
tag:stardog:api:franklin_tavora;1;26095;93,92 %
tag:stardog:api:racional_pensados;1;26096;93,92 %
tag:stardog:api:weaver;1;26097;93,93 %
tag:stardog:api:adolfo_caminha_s;1;26098;93,93 %
tag:stardog:api:omoi_haicha;1;26099;93,94 %
tag:stardog:api:dr_mirian_santos_ribeiro_de_oliveira;1;26100;93,94 %
tag:stardog:api:maria_campbell;1;26101;93,94 %
tag:stardog:api:adrian_cowell;1;26102;93,95 %
tag:stardog:api:jarena_lee;1;26103;93,95 %
tag:stardog:api:foi_que;1;26104;93,95 %
tag:stardog:api:ricardo_de_lima_isaac;1;26105;93,96 %
tag:stardog:api:arena;1;26106;93,96 %
tag:stardog:api:jucara_palm_tree;1;26107;93,96 %
tag:stardog:api:superpositionof_blumenaus;1;26108;93,97 %
tag:stardog:api:franca_antartica;1;26109;93,97 %
tag:stardog:api:whitehead;1;26110;93,97 %
tag:stardog:api:exato_de_fischer;1;26111;93,98 %
tag:stardog:api:orphee_noir;1;26112;93,98 %
tag:stardog:api:omombarete_umi_tekoha_guasupe_oikova;1;26113;93,99 %
tag:stardog:api:lenita;1;26114;93,99 %
tag:stardog:api:kampferol;1;26115;93,99 %
tag:stardog:api:silio_boccanera_junior;1;26116;94,00 %
tag:stardog:api:kimberle_crehshaw;1;26117;94,00 %
tag:stardog:api:charles_barrington_brown;1;26118;94,00 %
tag:stardog:api:caroline_luvizotto;1;26119;94,01 %
tag:stardog:api:ramo_vii;1;26120;94,01 %
tag:stardog:api:karenina_andrade;1;26121;94,01 %
tag:stardog:api:bert_williams;1;26122;94,02 %
tag:stardog:api:herzog;1;26123;94,02 %
tag:stardog:api:portela_verdade;1;26124;94,03 %
tag:stardog:api:guimaraes_rosa;1;26125;94,03 %
tag:stardog:api:crianca_negra;1;26126;94,03 %
tag:stardog:api:foucaults;1;26127;94,04 %
tag:stardog:api:sirma_bilge;1;26128;94,04 %
tag:stardog:api:vera_gertel;1;26129;94,04 %
tag:stardog:api:afrodescendent;1;26130;94,05 %
tag:stardog:api:jaacard;1;26131;94,05 %
tag:stardog:api:campinho_amoqc;1;26132;94,05 %
tag:stardog:api:j_butler;1;26133;94,06 %
tag:stardog:api:familia_homoparental;1;26134;94,06 %
tag:stardog:api:s_freud;1;26135;94,06 %
tag:stardog:api:adrienne_rich;1;26136;94,07 %
tag:stardog:api:tencionamos;1;26137;94,07 %
tag:stardog:api:sherman_alexie;1;26138;94,08 %
tag:stardog:api:giane_vargas_escobar;1;26139;94,08 %
tag:stardog:api:paradidactics_books;1;26140;94,08 %
tag:stardog:api:certo;1;26141;94,09 %
tag:stardog:api:caixeta_de_queiroz;1;26142;94,09 %
tag:stardog:api:alfredo_wagner_berno_de_almeida;1;26143;94,09 %
tag:stardog:api:mgo;1;26144;94,10 %
tag:stardog:api:nhanderu_marangatu;1;26145;94,10 %
tag:stardog:api:barravento;1;26146;94,10 %
tag:stardog:api:dom_joses;1;26147;94,11 %
tag:stardog:api:costailike;1;26148;94,11 %
tag:stardog:api:antonio_miguel;1;26149;94,12 %
tag:stardog:api:silvio_gallo;1;26150;94,12 %
tag:stardog:api:outro_da_modernidade_ocidental;1;26151;94,12 %
tag:stardog:api:limnobium_spongia;1;26152;94,13 %
tag:stardog:api:sapukai_guarani;1;26153;94,13 %
tag:stardog:api:futuras_geracoes;1;26154;94,13 %
tag:stardog:api:michael_schur;1;26155;94,14 %
tag:stardog:api:em_busca_de_novos_e_mais_detalhados_elementos;1;26156;94,14 %
tag:stardog:api:scriven;1;26157;94,14 %
tag:stardog:api:aguilhera_urquiza;1;26158;94,15 %
tag:stardog:api:meier;1;26159;94,15 %
tag:stardog:api:b_dos_queles;1;26160;94,15 %
tag:stardog:api:pedro_varoni;1;26161;94,16 %
tag:stardog:api:vera_tupai;1;26162;94,16 %
tag:stardog:api:huber;1;26163;94,17 %
tag:stardog:api:gerard_bouchard;1;26164;94,17 %
tag:stardog:api:berry;1;26165;94,17 %
tag:stardog:api:estudo_avaliar;1;26166;94,18 %
tag:stardog:api:carmen_lucia_campos;1;26167;94,18 %
tag:stardog:api:retomo;1;26168;94,18 %
tag:stardog:api:zappone;1;26169;94,19 %
tag:stardog:api:garca_canclini;1;26170;94,19 %
tag:stardog:api:agrovila_espera;1;26171;94,19 %
tag:stardog:api:claudia_jones;1;26172;94,20 %
tag:stardog:api:ilu_oba_de_min__educacao;1;26173;94,20 %
tag:stardog:api:anne_with_an_e;1;26174;94,21 %
tag:stardog:api:joao_luiz_carneiro;1;26175;94,21 %
tag:stardog:api:kuatia_arandu_rupive_onemongetava_ha;1;26176;94,21 %
tag:stardog:api:eie;1;26177;94,22 %
tag:stardog:api:dr_antonio_carlos_batista;1;26178;94,22 %
tag:stardog:api:iris_young;1;26179;94,22 %
tag:stardog:api:iraquiano_yousif_elsaigh;1;26180;94,23 %
tag:stardog:api:luis_da_fonseca;1;26181;94,23 %
tag:stardog:api:epistemologia_qualitativa;1;26182;94,23 %
tag:stardog:api:nero;1;26183;94,24 %
tag:stardog:api:moreira_e_candau;1;26184;94,24 %
tag:stardog:api:raza_indigena;1;26185;94,24 %
tag:stardog:api:luciane_terra_dos_santos_garcia;1;26186;94,25 %
tag:stardog:api:petei_jurua_oexauka_ava_onhemboe_apy;1;26187;94,25 %
tag:stardog:api:wiedneuwied;1;26188;94,26 %
tag:stardog:api:reinaldo_laddaga;1;26189;94,26 %
tag:stardog:api:gertrude_kurath;1;26190;94,26 %
tag:stardog:api:ghon;1;26191;94,27 %
tag:stardog:api:andrews;1;26192;94,27 %
tag:stardog:api:arjan_martins;1;26193;94,27 %
tag:stardog:api:negra_tereza;1;26194;94,28 %
tag:stardog:api:153f;1;26195;94,28 %
tag:stardog:api:koolau;1;26196;94,28 %
tag:stardog:api:cosmoantropologica;1;26197;94,29 %
tag:stardog:api:folha_online;1;26198;94,29 %
tag:stardog:api:corrida;1;26199;94,30 %
tag:stardog:api:revista_pedagogica;1;26200;94,30 %
tag:stardog:api:ricardo_rangel;1;26201;94,30 %
tag:stardog:api:valdir_goncalves_aguiais;1;26202;94,31 %
tag:stardog:api:cxcl10;1;26203;94,31 %
tag:stardog:api:domingos_faustino_sarmiento;1;26204;94,31 %
tag:stardog:api:da_disseminacao_da_pratica_de_assalariamento;1;26205;94,32 %
tag:stardog:api:braulio_goffman;1;26206;94,32 %
tag:stardog:api:aldo_simas_cabral;1;26207;94,32 %
tag:stardog:api:diretrizes_da_educacao_do_campo;1;26208;94,33 %
tag:stardog:api:railma_dos_santos_souza;1;26209;94,33 %
tag:stardog:api:richard_serraria;1;26210;94,33 %
tag:stardog:api:gravacoes;1;26211;94,34 %
tag:stardog:api:gimeno_sacristan;1;26212;94,34 %
tag:stardog:api:turbantar;1;26213;94,35 %
tag:stardog:api:nelson_horacio_pezoa_garcia;1;26214;94,35 %
tag:stardog:api:gressler;1;26215;94,35 %
tag:stardog:api:perkowska;1;26216;94,36 %
tag:stardog:api:guandu;1;26217;94,36 %
tag:stardog:api:antonio_pires_de_campos;1;26218;94,36 %
tag:stardog:api:transdisciplinaridade;1;26219;94,37 %
tag:stardog:api:compostos_majoritarios;1;26220;94,37 %
tag:stardog:api:ghasarian;1;26221;94,37 %
tag:stardog:api:bharatamuni;1;26222;94,38 %
tag:stardog:api:juana_elbein_santos;1;26223;94,38 %
tag:stardog:api:francismo_jr;1;26224;94,39 %
tag:stardog:api:olyvia_bynum;1;26225;94,39 %
tag:stardog:api:naldinho;1;26226;94,39 %
tag:stardog:api:su_gg_es_t_io;1;26227;94,40 %
tag:stardog:api:schwvarcz;1;26228;94,40 %
tag:stardog:api:formuladas;1;26229;94,40 %
tag:stardog:api:cidan;1;26230;94,41 %
tag:stardog:api:mies;1;26231;94,41 %
tag:stardog:api:vericar;1;26232;94,41 %
tag:stardog:api:rosani_moreira_leitao;1;26233;94,42 %
tag:stardog:api:ja;1;26234;94,42 %
tag:stardog:api:avei_umi_nemoarandu;1;26235;94,42 %
tag:stardog:api:benedita_damasceno;1;26236;94,43 %
tag:stardog:api:gilberto_cezar_pavanelli;1;26237;94,43 %
tag:stardog:api:nonh_mag;1;26238;94,44 %
tag:stardog:api:contribuicoes_sociais;1;26239;94,44 %
tag:stardog:api:lilia_moritz;1;26240;94,44 %
tag:stardog:api:greene;1;26241;94,45 %
tag:stardog:api:chamoiseau;1;26242;94,45 %
tag:stardog:api:paulsen;1;26243;94,45 %
tag:stardog:api:propoxur;1;26244;94,46 %
tag:stardog:api:rogerio_soares;1;26245;94,46 %
tag:stardog:api:petronilha_beatriz_goncalves_da_silva;1;26246;94,46 %
tag:stardog:api:boaventura_de_sousa;1;26247;94,47 %
tag:stardog:api:a_lancinhas;1;26248;94,47 %
tag:stardog:api:nachova;1;26249;94,48 %
tag:stardog:api:kaiwa;1;26250;94,48 %
tag:stardog:api:formacoes_imaginarias;1;26251;94,48 %
tag:stardog:api:akwxerente;1;26252;94,49 %
tag:stardog:api:ivani_oliveira;1;26253;94,49 %
tag:stardog:api:cristiane_santos;1;26254;94,49 %
tag:stardog:api:campos_correia;1;26255;94,50 %
tag:stardog:api:depressao_periferica;1;26256;94,50 %
tag:stardog:api:charles_rosenberg;1;26257;94,50 %
tag:stardog:api:alois_riegl;1;26258;94,51 %
tag:stardog:api:tabcad;1;26259;94,51 %
tag:stardog:api:protectionwithin;1;26260;94,51 %
tag:stardog:api:alaide_lisboa_de_oliveira;1;26261;94,52 %
tag:stardog:api:rockwell;1;26262;94,52 %
tag:stardog:api:gleysol;1;26263;94,53 %
tag:stardog:api:abdias_de_nascimento;1;26264;94,53 %
tag:stardog:api:fusari;1;26265;94,53 %
tag:stardog:api:plinio;1;26266;94,54 %
tag:stardog:api:ben_jelloun;1;26267;94,54 %
tag:stardog:api:ricardo_luiz_coltro_antunes;1;26268;94,54 %
tag:stardog:api:braulio;1;26269;94,55 %
tag:stardog:api:discutiremos;1;26270;94,55 %
tag:stardog:api:tamuu_maki;1;26271;94,55 %
tag:stardog:api:dr_carlos_estevao;1;26272;94,56 %
tag:stardog:api:xacuris;1;26273;94,56 %
tag:stardog:api:a_woglumi_nimphs;1;26274;94,57 %
tag:stardog:api:souza_santos;1;26275;94,57 %
tag:stardog:api:buffa;1;26276;94,57 %
tag:stardog:api:indigena_bare;1;26277;94,58 %
tag:stardog:api:hebe_matos;1;26278;94,58 %
tag:stardog:api:barao_da_boa_vista;1;26279;94,58 %
tag:stardog:api:diacui_canualo_aiwute;1;26280;94,59 %
tag:stardog:api:balzan;1;26281;94,59 %
tag:stardog:api:emanuele_coccia;1;26282;94,59 %
tag:stardog:api:nubia_lafayette;1;26283;94,60 %
tag:stardog:api:luis_carlos;1;26284;94,60 %
tag:stardog:api:ya_mukumby;1;26285;94,60 %
tag:stardog:api:ryan_coogler;1;26286;94,61 %
tag:stardog:api:debora_brutuce;1;26287;94,61 %
tag:stardog:api:preservacao_desses_compostos;1;26288;94,62 %
tag:stardog:api:carmo_galiazzi;1;26289;94,62 %
tag:stardog:api:beatriz_nascimentos;1;26290;94,62 %
tag:stardog:api:miguel_case;1;26291;94,63 %
tag:stardog:api:coragyps_atratus;1;26292;94,63 %
tag:stardog:api:moreira_e_masini;1;26293;94,63 %
tag:stardog:api:eliane_moreira;1;26294;94,64 %
tag:stardog:api:norberto_bobbio;1;26295;94,64 %
tag:stardog:api:escravismo_colonial;1;26296;94,64 %
tag:stardog:api:siwaakofa_siliadin;1;26297;94,65 %
tag:stardog:api:conjuncturally_unidimensionalized;1;26298;94,65 %
tag:stardog:api:ode_kayode;1;26299;94,66 %
tag:stardog:api:tierno_monenembo;1;26300;94,66 %
tag:stardog:api:gabriel;1;26301;94,66 %
tag:stardog:api:roseli_albino_dos_santos;1;26302;94,67 %
tag:stardog:api:luther_king;1;26303;94,67 %
tag:stardog:api:reducao_da_intensidade_das_infeccoes;1;26304;94,67 %
tag:stardog:api:lupicinio_iniguez;1;26305;94,68 %
tag:stardog:api:zaluar;1;26306;94,68 %
tag:stardog:api:ramo_iii;1;26307;94,68 %
tag:stardog:api:reconhecimento_dos_grupos_indigenas_como_agentes_ativos_do_pais_e;1;26308;94,69 %
tag:stardog:api:valter_roberto_silvrio;1;26309;94,69 %
tag:stardog:api:oja;1;26310;94,69 %
tag:stardog:api:cristo;1;26311;94,70 %
tag:stardog:api:kawariehon;1;26312;94,70 %
tag:stardog:api:gertrudis_gomez_de_avellaneda;1;26313;94,71 %
tag:stardog:api:awa;1;26314;94,71 %
tag:stardog:api:theodoro_braga;1;26315;94,71 %
tag:stardog:api:chadwick_boseman;1;26316;94,72 %
tag:stardog:api:teve_duracao;1;26317;94,72 %
tag:stardog:api:blocos_afro;1;26318;94,72 %
tag:stardog:api:izoceno;1;26319;94,73 %
tag:stardog:api:douglas_carrara;1;26320;94,73 %
tag:stardog:api:sociedade_de_tumba_francesa;1;26321;94,73 %
tag:stardog:api:rosangela_de_jesus_silva;1;26322;94,74 %
tag:stardog:api:marianova;1;26323;94,74 %
tag:stardog:api:janet_campbell_hale;1;26324;94,75 %
tag:stardog:api:ogun;1;26325;94,75 %
tag:stardog:api:j_clifford;1;26326;94,75 %
tag:stardog:api:frei_domingos_de_sao_jose;1;26327;94,76 %
tag:stardog:api:pari_cavalos;1;26328;94,76 %
tag:stardog:api:indigena_originaria_de_bolivia;1;26329;94,76 %
tag:stardog:api:diegues;1;26330;94,77 %
tag:stardog:api:sechii;1;26331;94,77 %
tag:stardog:api:rbt;1;26332;94,77 %
tag:stardog:api:caco3;1;26333;94,78 %
tag:stardog:api:dr_andre_gustavo_scagliusi_landulfo;1;26334;94,78 %
tag:stardog:api:polonoroeste;1;26335;94,78 %
tag:stardog:api:ffpsp;1;26336;94,79 %
tag:stardog:api:marilyn_s;1;26337;94,79 %
tag:stardog:api:messias_bolsonaro;1;26338;94,80 %
tag:stardog:api:chimango;1;26339;94,80 %
tag:stardog:api:yedo_ferreira;1;26340;94,80 %
tag:stardog:api:d_diversinervis;1;26341;94,81 %
tag:stardog:api:governanca_corporativa;1;26342;94,81 %
tag:stardog:api:mssa;1;26343;94,81 %
tag:stardog:api:fies;1;26344;94,82 %
tag:stardog:api:kathleen_cleaver;1;26345;94,82 %
tag:stardog:api:pauline_e_hopkins;1;26346;94,82 %
tag:stardog:api:rudolf_steiner;1;26347;94,83 %
tag:stardog:api:galves__abaurre;1;26348;94,83 %
tag:stardog:api:rs02;1;26349;94,84 %
tag:stardog:api:daniel_santana;1;26350;94,84 %
tag:stardog:api:dipolo_negativo;1;26351;94,84 %
tag:stardog:api:mae_nilza;1;26352;94,85 %
tag:stardog:api:roseli_rodrigues_de_mello;1;26353;94,85 %
tag:stardog:api:oswado_de_camargo;1;26354;94,85 %
tag:stardog:api:centroperiferia;1;26355;94,86 %
tag:stardog:api:flavia_guimaraes_de_carvalho;1;26356;94,86 %
tag:stardog:api:oguerojapyxakai_oikovy_mbovy_ara_rei_pa;1;26357;94,86 %
tag:stardog:api:henrique_joao_wilkens;1;26358;94,87 %
tag:stardog:api:the_apinaye_indians;1;26359;94,87 %
tag:stardog:api:promaucaes;1;26360;94,87 %
tag:stardog:api:thorstein_veblen;1;26361;94,88 %
tag:stardog:api:margareth_rago;1;26362;94,88 %
tag:stardog:api:rohecha;1;26363;94,89 %
tag:stardog:api:pretumel_de_chama;1;26364;94,89 %
tag:stardog:api:ndalu_de_almeida;1;26365;94,89 %
tag:stardog:api:osvaldo_zorzato;1;26366;94,90 %
tag:stardog:api:pauline_johnson;1;26367;94,90 %
tag:stardog:api:cholly_breedlove;1;26368;94,90 %
tag:stardog:api:jose_eustaquio_romao;1;26369;94,91 %
tag:stardog:api:mauro_willian_barbosa_de_almeida;1;26370;94,91 %
tag:stardog:api:globalizacoes_hegemonicas;1;26371;94,91 %
tag:stardog:api:marlucia_galvao_brandao;1;26372;94,92 %
tag:stardog:api:dios;1;26373;94,92 %
tag:stardog:api:maria_gohn;1;26374;94,93 %
tag:stardog:api:jeruse_romao;1;26375;94,93 %
tag:stardog:api:will_kymlicka;1;26376;94,93 %
tag:stardog:api:paulista_ometto;1;26377;94,94 %
tag:stardog:api:contrarias;1;26378;94,94 %
tag:stardog:api:transdisciplinar;1;26379;94,94 %
tag:stardog:api:coco_de_roda;1;26380;94,95 %
tag:stardog:api:metapragmatics;1;26381;94,95 %
tag:stardog:api:leticia_mistura;1;26382;94,95 %
tag:stardog:api:acailandia_maranhao;1;26383;94,96 %
tag:stardog:api:vinicius_bohrer_lobosco_gonzaga_de_oliveira;1;26384;94,96 %
tag:stardog:api:yanagi_yukinori;1;26385;94,96 %
tag:stardog:api:rachel_de_queiroz;1;26386;94,97 %
tag:stardog:api:indianare_siqueira;1;26387;94,97 %
tag:stardog:api:respeito_a;1;26388;94,98 %
tag:stardog:api:shiraishi_neto;1;26389;94,98 %
tag:stardog:api:edgar_morins;1;26390;94,98 %
tag:stardog:api:sassui;1;26391;94,99 %
tag:stardog:api:silva_da_estrada;1;26392;94,99 %
tag:stardog:api:benedito_evangelista;1;26393;94,99 %
tag:stardog:api:divergiam;1;26394;95,00 %
tag:stardog:api:tate_taylor;1;26395;95,00 %
tag:stardog:api:cunha_coutinho;1;26396;95,00 %
tag:stardog:api:camila_nunes;1;26397;95,01 %
tag:stardog:api:isabelle_stenger;1;26398;95,01 %
tag:stardog:api:romarinus;1;26399;95,02 %
tag:stardog:api:puga;1;26400;95,02 %
tag:stardog:api:lauriane_seraguza;1;26401;95,02 %
tag:stardog:api:gianellini;1;26402;95,03 %
tag:stardog:api:citrus_aurantifolia;1;26403;95,03 %
tag:stardog:api:repercusso;1;26404;95,03 %
tag:stardog:api:leila_mezan_algranti;1;26405;95,04 %
tag:stardog:api:marquis;1;26406;95,04 %
tag:stardog:api:a_c_smith;1;26407;95,04 %
tag:stardog:api:descentramentos;1;26408;95,05 %
tag:stardog:api:willy;1;26409;95,05 %
tag:stardog:api:bonferroni;1;26410;95,05 %
tag:stardog:api:socorro_silva_machado;1;26411;95,06 %
tag:stardog:api:angrosino;1;26412;95,06 %
tag:stardog:api:marco_de_almeida;1;26413;95,07 %
tag:stardog:api:joaquim_de_paula_souza;1;26414;95,07 %
tag:stardog:api:alessia_moura;1;26415;95,07 %
tag:stardog:api:maria_nazareth_fonseca;1;26416;95,08 %
tag:stardog:api:nduduzo_g_d;1;26417;95,08 %
tag:stardog:api:clovis;1;26418;95,08 %
tag:stardog:api:dr_pedro_caldas_chadarevian;1;26419;95,09 %
tag:stardog:api:antonio_jose_pestana_e_silva;1;26420;95,09 %
tag:stardog:api:higgs;1;26421;95,09 %
tag:stardog:api:francisco_goncalves;1;26422;95,10 %
tag:stardog:api:homolesbotransfobia;1;26423;95,10 %
tag:stardog:api:quilombo_de_itacoatiaraam;1;26424;95,11 %
tag:stardog:api:lauretis;1;26425;95,11 %
tag:stardog:api:paulino_de_brito;1;26426;95,11 %
tag:stardog:api:jose_carlos;1;26427;95,12 %
tag:stardog:api:ludovico;1;26428;95,12 %
tag:stardog:api:jurjo_torres_santome;1;26429;95,12 %
tag:stardog:api:kene;1;26430;95,13 %
tag:stardog:api:mario_filho_s;1;26431;95,13 %
tag:stardog:api:frasson;1;26432;95,13 %
tag:stardog:api:barranco;1;26433;95,14 %
tag:stardog:api:inarwa;1;26434;95,14 %
tag:stardog:api:massa_corporalimc;1;26435;95,14 %
tag:stardog:api:david_alexander_robertson;1;26436;95,15 %
tag:stardog:api:frey_apollonio;1;26437;95,15 %
tag:stardog:api:augusto_stuart;1;26438;95,16 %
tag:stardog:api:sandoval;1;26439;95,16 %
tag:stardog:api:jary;1;26440;95,16 %
tag:stardog:api:balbina_francisca_siqueira;1;26441;95,17 %
tag:stardog:api:aglutinem;1;26442;95,17 %
tag:stardog:api:michel;1;26443;95,17 %
tag:stardog:api:santa_catarinas;1;26444;95,18 %
tag:stardog:api:para_tanto_se_realizou_o_entrecruzamento_de_fontes;1;26445;95,18 %
tag:stardog:api:raymundo_de_souza_dantas;1;26446;95,18 %
tag:stardog:api:ving_tsun;1;26447;95,19 %
tag:stardog:api:passistas;1;26448;95,19 %
tag:stardog:api:clavero;1;26449;95,20 %
tag:stardog:api:luiz_gonzaga_do_nascimento_junior;1;26450;95,20 %
tag:stardog:api:lulu_senior;1;26451;95,20 %
tag:stardog:api:cd25;1;26452;95,21 %
tag:stardog:api:sandra_de_cassia_araujo_pelegrini;1;26453;95,21 %
tag:stardog:api:permanencia;1;26454;95,21 %
tag:stardog:api:relacoes_interraciais;1;26455;95,22 %
tag:stardog:api:tres_lagoas;1;26456;95,22 %
tag:stardog:api:ivor_goodsons;1;26457;95,22 %
tag:stardog:api:neemias;1;26458;95,23 %
tag:stardog:api:costa_e;1;26459;95,23 %
tag:stardog:api:luiz_gonzagars;1;26460;95,23 %
tag:stardog:api:nay_de_gambia;1;26461;95,24 %
tag:stardog:api:pretos_dantes;1;26462;95,24 %
tag:stardog:api:peng_robinson;1;26463;95,25 %
tag:stardog:api:woods;1;26464;95,25 %
tag:stardog:api:nelson_maldonado_torres;1;26465;95,25 %
tag:stardog:api:tania_maria_alkmin;1;26466;95,26 %
tag:stardog:api:joao_pessoa_pb;1;26467;95,26 %
tag:stardog:api:acao_grio;1;26468;95,26 %
tag:stardog:api:maria_filomena_spatti_sandalo_de_sa_porto;1;26469;95,27 %
tag:stardog:api:godparenthood;1;26470;95,27 %
tag:stardog:api:yves;1;26471;95,27 %
tag:stardog:api:schult;1;26472;95,28 %
tag:stardog:api:compaixao;1;26473;95,28 %
tag:stardog:api:partido_liberal;1;26474;95,29 %
tag:stardog:api:jean_claude_forquim;1;26475;95,29 %
tag:stardog:api:axel_honnet;1;26476;95,29 %
tag:stardog:api:d_joao_antonio_dos_santos;1;26477;95,30 %
tag:stardog:api:gaulrealt;1;26478;95,30 %
tag:stardog:api:richardson;1;26479;95,30 %
tag:stardog:api:carotid;1;26480;95,31 %
tag:stardog:api:2979_mg;1;26481;95,31 %
tag:stardog:api:pierre_ansart;1;26482;95,31 %
tag:stardog:api:veado;1;26483;95,32 %
tag:stardog:api:comenius;1;26484;95,32 %
tag:stardog:api:victoriano_pimentel;1;26485;95,32 %
tag:stardog:api:bernabe;1;26486;95,33 %
tag:stardog:api:akkari;1;26487;95,33 %
tag:stardog:api:aluisio_de_lima;1;26488;95,34 %
tag:stardog:api:alice;1;26489;95,34 %
tag:stardog:api:i_mendes;1;26490;95,34 %
tag:stardog:api:azoilda_loretto_trindade;1;26491;95,35 %
tag:stardog:api:bro68;1;26492;95,35 %
tag:stardog:api:wrykwyj;1;26493;95,35 %
tag:stardog:api:preescola_i;1;26494;95,36 %
tag:stardog:api:atencao_basica;1;26495;95,36 %
tag:stardog:api:biorresponsabilidade;1;26496;95,36 %
tag:stardog:api:mbaeichapa_ojeiko;1;26497;95,37 %
tag:stardog:api:d_frei_cristovao_de;1;26498;95,37 %
tag:stardog:api:ketula;1;26499;95,38 %
tag:stardog:api:nectandra_megapotamica;1;26500;95,38 %
tag:stardog:api:elianecavalleiro;1;26501;95,38 %
tag:stardog:api:conceitos_fundamentais_da_poetica;1;26502;95,39 %
tag:stardog:api:semelhante;1;26503;95,39 %
tag:stardog:api:hip_hop_de_pelotas;1;26504;95,39 %
tag:stardog:api:dark_shamans;1;26505;95,40 %
tag:stardog:api:mendoncas;1;26506;95,40 %
tag:stardog:api:alfred_metraux;1;26507;95,40 %
tag:stardog:api:fioravante_esperanca;1;26508;95,41 %
tag:stardog:api:danner_et_al;1;26509;95,41 %
tag:stardog:api:negra_noite;1;26510;95,41 %
tag:stardog:api:evani_tavares;1;26511;95,42 %
tag:stardog:api:joao_carlos_rodrigues;1;26512;95,42 %
tag:stardog:api:nas_condicoes_desse_estudo_foi_observado_que_os_animais;1;26513;95,43 %
tag:stardog:api:denize_sepulveda;1;26514;95,43 %
tag:stardog:api:amorin;1;26515;95,43 %
tag:stardog:api:which_had_asaim_to_the_agricultural_frontier_and_get_large_amount_of_enslaved;1;26516;95,44 %
tag:stardog:api:vargem_quilombo;1;26517;95,44 %
tag:stardog:api:fernando_henrique_cardoso_s;1;26518;95,44 %
tag:stardog:api:empreiteiro;1;26519;95,45 %
tag:stardog:api:seu_sebastiao;1;26520;95,45 %
tag:stardog:api:seppir;1;26521;95,45 %
tag:stardog:api:elisa_angotti_kossovitch;1;26522;95,46 %
tag:stardog:api:frente_negra_da_bahia;1;26523;95,46 %
tag:stardog:api:cientifico;1;26524;95,47 %
tag:stardog:api:maratoan;1;26525;95,47 %
tag:stardog:api:programa_praat;1;26526;95,47 %
tag:stardog:api:callado;1;26527;95,48 %
tag:stardog:api:elaine_moreira_laoriola;1;26528;95,48 %
tag:stardog:api:apolinario;1;26529;95,48 %
tag:stardog:api:vicerei_gabriel_de_aviles;1;26530;95,49 %
tag:stardog:api:daniela_catrileo;1;26531;95,49 %
tag:stardog:api:pseudocercospora;1;26532;95,49 %
tag:stardog:api:ronald_de_carvalho;1;26533;95,50 %
tag:stardog:api:valnizia_pereira;1;26534;95,50 %
tag:stardog:api:janeir;1;26535;95,50 %
tag:stardog:api:tentehar_guajajara;1;26536;95,51 %
tag:stardog:api:moviments;1;26537;95,51 %
tag:stardog:api:ariosto;1;26538;95,52 %
tag:stardog:api:syderoxylon;1;26539;95,52 %
tag:stardog:api:pimentel_barbosa_etenhiritipa;1;26540;95,52 %
tag:stardog:api:karl_popper;1;26541;95,53 %
tag:stardog:api:steve_mcqueen;1;26542;95,53 %
tag:stardog:api:bras_cubas;1;26543;95,53 %
tag:stardog:api:ricardo_campos;1;26544;95,54 %
tag:stardog:api:cerrado_vanilla;1;26545;95,54 %
tag:stardog:api:aanalisar;1;26546;95,54 %
tag:stardog:api:jose_mario_martinez;1;26547;95,55 %
tag:stardog:api:hemeterio_dos_santos;1;26548;95,55 %
tag:stardog:api:kow;1;26549;95,55 %
tag:stardog:api:roberto_ventura;1;26550;95,56 %
tag:stardog:api:urihi_haromatipe;1;26551;95,56 %
tag:stardog:api:catalogar;1;26552;95,57 %
tag:stardog:api:kuery_ojopy;1;26553;95,57 %
tag:stardog:api:ceu;1;26554;95,57 %
tag:stardog:api:brittonrobinson;1;26555;95,58 %
tag:stardog:api:pedro_casaldaliga;1;26556;95,58 %
tag:stardog:api:lourenco_pereira_da_costa;1;26557;95,58 %
tag:stardog:api:tuxaua_raimundo_tenente;1;26558;95,59 %
tag:stardog:api:przybylski__silva;1;26559;95,59 %
tag:stardog:api:pioneer_sambist;1;26560;95,59 %
tag:stardog:api:jose_zumbas;1;26561;95,60 %
tag:stardog:api:elucubracoes_ulteriores;1;26562;95,60 %
tag:stardog:api:corporealizes;1;26563;95,61 %
tag:stardog:api:gloria_naylor;1;26564;95,61 %
tag:stardog:api:goyazes;1;26565;95,61 %
tag:stardog:api:favela_fenix;1;26566;95,62 %
tag:stardog:api:moises_patricio;1;26567;95,62 %
tag:stardog:api:umrigar;1;26568;95,62 %
tag:stardog:api:retomada_laranjeira_nanderu;1;26569;95,63 %
tag:stardog:api:sidney_amaral;1;26570;95,63 %
tag:stardog:api:sao_sebastiao_do_saraca;1;26571;95,63 %
tag:stardog:api:walter_scott;1;26572;95,64 %
tag:stardog:api:carmelita;1;26573;95,64 %
tag:stardog:api:oin_peixa;1;26574;95,64 %
tag:stardog:api:apreendeuse;1;26575;95,65 %
tag:stardog:api:newton_pereira_goncalves;1;26576;95,65 %
tag:stardog:api:angelo_flavio;1;26577;95,66 %
tag:stardog:api:escamotear;1;26578;95,66 %
tag:stardog:api:inocencia_mata;1;26579;95,66 %
tag:stardog:api:renato_cafuzo;1;26580;95,67 %
tag:stardog:api:raimundo_tambo;1;26581;95,67 %
tag:stardog:api:rosenberg_selfesteem;1;26582;95,67 %
tag:stardog:api:pinsky;1;26583;95,68 %
tag:stardog:api:gregorio_martinez_navarro;1;26584;95,68 %
tag:stardog:api:dennis_oliveira;1;26585;95,68 %
tag:stardog:api:law_n_90991995;1;26586;95,69 %
tag:stardog:api:geni_mariano_guimares;1;26587;95,69 %
tag:stardog:api:finch_iii;1;26588;95,70 %
tag:stardog:api:nildes_sena;1;26589;95,70 %
tag:stardog:api:muhammad_ali;1;26590;95,70 %
tag:stardog:api:lei_de_diretrizes_e_bases;1;26591;95,71 %
tag:stardog:api:chinua_achebe;1;26592;95,71 %
tag:stardog:api:albuquerque_junior;1;26593;95,71 %
tag:stardog:api:todo_mundo_odeia;1;26594;95,72 %
tag:stardog:api:maurice_halbwachss;1;26595;95,72 %
tag:stardog:api:eduardo_sebastiani_ferreira;1;26596;95,72 %
tag:stardog:api:joao_maria_de_agostini;1;26597;95,73 %
tag:stardog:api:candomble_nago;1;26598;95,73 %
tag:stardog:api:rute_baquero;1;26599;95,73 %
tag:stardog:api:eliza;1;26600;95,74 %
tag:stardog:api:monocytogens;1;26601;95,74 %
tag:stardog:api:athanasio_miguel_dos_santos;1;26602;95,75 %
tag:stardog:api:topicos_especiais;1;26603;95,75 %
tag:stardog:api:priscilla_borgonhoni_chagas;1;26604;95,75 %
tag:stardog:api:vera_regina_pereira_de_andrade;1;26605;95,76 %
tag:stardog:api:vargens_com_barro;1;26606;95,76 %
tag:stardog:api:guaranikaiow;1;26607;95,76 %
tag:stardog:api:glorinha_fulustreka;1;26608;95,77 %
tag:stardog:api:pimenta_bueno;1;26609;95,77 %
tag:stardog:api:satagrio;1;26610;95,77 %
tag:stardog:api:francisca_da_silva;1;26611;95,78 %
tag:stardog:api:rita_olivieri_godet;1;26612;95,78 %
tag:stardog:api:axel_honntehs;1;26613;95,79 %
tag:stardog:api:blau_nunes;1;26614;95,79 %
tag:stardog:api:kamaiura_paje;1;26615;95,79 %
tag:stardog:api:jaci_guilherme;1;26616;95,80 %
tag:stardog:api:andrea_tonacci;1;26617;95,80 %
tag:stardog:api:regressao_de_poisson_robusta;1;26618;95,80 %
tag:stardog:api:carcaca_de_poeticas_negras;1;26619;95,81 %
tag:stardog:api:prn;1;26620;95,81 %
tag:stardog:api:gleissolo_haplico;1;26621;95,81 %
tag:stardog:api:wald;1;26622;95,82 %
tag:stardog:api:vila_del_fiore;1;26623;95,82 %
tag:stardog:api:luis_de_valdivia;1;26624;95,82 %
tag:stardog:api:angelo_agostini;1;26625;95,83 %
tag:stardog:api:ferretti;1;26626;95,83 %
tag:stardog:api:chernosky;1;26627;95,84 %
tag:stardog:api:saquet;1;26628;95,84 %
tag:stardog:api:leila_ferreira;1;26629;95,84 %
tag:stardog:api:arthur_azevedo;1;26630;95,85 %
tag:stardog:api:buu;1;26631;95,85 %
tag:stardog:api:bruner;1;26632;95,85 %
tag:stardog:api:hiv_i_aids;1;26633;95,86 %
tag:stardog:api:surel;1;26634;95,86 %
tag:stardog:api:institucional_previa;1;26635;95,86 %
tag:stardog:api:cecsfa;1;26636;95,87 %
tag:stardog:api:ingrid_hapke;1;26637;95,87 %
tag:stardog:api:manguel;1;26638;95,88 %
tag:stardog:api:eleidi_a_chautard_freire_maia;1;26639;95,88 %
tag:stardog:api:jose_rubino_s;1;26640;95,88 %
tag:stardog:api:silvana_beline;1;26641;95,89 %
tag:stardog:api:finnegan;1;26642;95,89 %
tag:stardog:api:djuena_tikuna;1;26643;95,89 %
tag:stardog:api:maria_auxiliadora_schmidt;1;26644;95,90 %
tag:stardog:api:meu_vo_apolinario;1;26645;95,90 %
tag:stardog:api:isnard_araujo;1;26646;95,90 %
tag:stardog:api:robertas;1;26647;95,91 %
tag:stardog:api:aderecos;1;26648;95,91 %
tag:stardog:api:noturno_amarelo;1;26649;95,91 %
tag:stardog:api:geru_tucuna;1;26650;95,92 %
tag:stardog:api:grant_morrison;1;26651;95,92 %
tag:stardog:api:discorro;1;26652;95,93 %
tag:stardog:api:daiara_tucano_eliane_potiguara;1;26653;95,93 %
tag:stardog:api:pintomyia_misionensis;1;26654;95,93 %
tag:stardog:api:zilah_machado;1;26655;95,94 %
tag:stardog:api:campos_garcia;1;26656;95,94 %
tag:stardog:api:daniela_palma;1;26657;95,94 %
tag:stardog:api:rodney;1;26658;95,95 %
tag:stardog:api:da_saude;1;26659;95,95 %
tag:stardog:api:joseph_valter_pereira;1;26660;95,95 %
tag:stardog:api:boaventura_dos_santos;1;26661;95,96 %
tag:stardog:api:gossypium_herbaceum;1;26662;95,96 %
tag:stardog:api:bigo;1;26663;95,97 %
tag:stardog:api:franz;1;26664;95,97 %
tag:stardog:api:tete_rekove;1;26665;95,97 %
tag:stardog:api:caleiro;1;26666;95,98 %
tag:stardog:api:epitaxia;1;26667;95,98 %
tag:stardog:api:pedro_archanjo;1;26668;95,98 %
tag:stardog:api:regimeire_oliveira_maciel;1;26669;95,99 %
tag:stardog:api:dirceu_noriler;1;26670;95,99 %
tag:stardog:api:profa_dra_laura;1;26671;95,99 %
tag:stardog:api:bill_ashcroft;1;26672;96,00 %
tag:stardog:api:governamental_sobre;1;26673;96,00 %
tag:stardog:api:eugenio_fernandez_granell;1;26674;96,00 %
tag:stardog:api:blanchot;1;26675;96,01 %
tag:stardog:api:geogebra;1;26676;96,01 %
tag:stardog:api:irineu_ferreira_pinto;1;26677;96,02 %
tag:stardog:api:walmir_pereira;1;26678;96,02 %
tag:stardog:api:potiguara_tmp;1;26679;96,02 %
tag:stardog:api:mariani;1;26680;96,03 %
tag:stardog:api:ze_alves_and_laranjal;1;26681;96,03 %
tag:stardog:api:justino;1;26682;96,03 %
tag:stardog:api:mangueira;1;26683;96,04 %
tag:stardog:api:plinthosol;1;26684;96,04 %
tag:stardog:api:obinze;1;26685;96,04 %
tag:stardog:api:d18o;1;26686;96,05 %
tag:stardog:api:castrogiovanni;1;26687;96,05 %
tag:stardog:api:bell_hoooks;1;26688;96,06 %
tag:stardog:api:charles_morphy;1;26689;96,06 %
tag:stardog:api:pedro_barbosa;1;26690;96,06 %
tag:stardog:api:wexner;1;26691;96,07 %
tag:stardog:api:pablo_rocca;1;26692;96,07 %
tag:stardog:api:sternorrhyncha;1;26693;96,07 %
tag:stardog:api:noel_dos_santos_carvalho;1;26694;96,08 %
tag:stardog:api:luis_rufino;1;26695;96,08 %
tag:stardog:api:jeanclaude_passeron;1;26696;96,08 %
tag:stardog:api:florentina_da_silva_souza;1;26697;96,09 %
tag:stardog:api:geraldo_juliao;1;26698;96,09 %
tag:stardog:api:osmundo_santos_de_araujo_pinho;1;26699;96,09 %
tag:stardog:api:ruth;1;26700;96,10 %
tag:stardog:api:balmer;1;26701;96,10 %
tag:stardog:api:homegoing;1;26702;96,11 %
tag:stardog:api:pedro_lara;1;26703;96,11 %
tag:stardog:api:fusarium_oxysporum_f_sp;1;26704;96,11 %
tag:stardog:api:romantismo_de_jose_de_alencar;1;26705;96,12 %
tag:stardog:api:delftia;1;26706;96,12 %
tag:stardog:api:c_gloeosporiodes;1;26707;96,12 %
tag:stardog:api:angela_alonso;1;26708;96,13 %
tag:stardog:api:valle_escalante;1;26709;96,13 %
tag:stardog:api:francois_sirinelli;1;26710;96,13 %
tag:stardog:api:iavelberg;1;26711;96,14 %
tag:stardog:api:gevanilda_santos;1;26712;96,14 %
tag:stardog:api:owen_harris;1;26713;96,15 %
tag:stardog:api:childish_gambino;1;26714;96,15 %
tag:stardog:api:drab;1;26715;96,15 %
tag:stardog:api:teko_kevi;1;26716;96,16 %
tag:stardog:api:lia_vainer_schuman;1;26717;96,16 %
tag:stardog:api:krug;1;26718;96,16 %
tag:stardog:api:haevy_ma_ojejo_heta_vaekuery;1;26719;96,17 %
tag:stardog:api:z_sepsoides;1;26720;96,17 %
tag:stardog:api:daniel_alves;1;26721;96,17 %
tag:stardog:api:bode;1;26722;96,18 %
tag:stardog:api:afoxe_omo_dada;1;26723;96,18 %
tag:stardog:api:indolbutyric_acid;1;26724;96,18 %
tag:stardog:api:dalton_paula;1;26725;96,19 %
tag:stardog:api:matacuzana;1;26726;96,19 %
tag:stardog:api:idaeus_l;1;26727;96,20 %
tag:stardog:api:luiz_gonzaga_motta;1;26728;96,20 %
tag:stardog:api:s_frugiperda_larvae;1;26729;96,20 %
tag:stardog:api:krikatipeople;1;26730;96,21 %
tag:stardog:api:morzaniel_iramari;1;26731;96,21 %
tag:stardog:api:pogostemon_cablin;1;26732;96,21 %
tag:stardog:api:sally_morgan;1;26733;96,22 %
tag:stardog:api:ac_smith;1;26734;96,22 %
tag:stardog:api:the_van_der;1;26735;96,22 %
tag:stardog:api:a_longimanus;1;26736;96,23 %
tag:stardog:api:falcolipeurus;1;26737;96,23 %
tag:stardog:api:clara_nunes;1;26738;96,24 %
tag:stardog:api:melania_luz;1;26739;96,24 %
tag:stardog:api:rectory;1;26740;96,24 %
tag:stardog:api:a_cepa;1;26741;96,25 %
tag:stardog:api:unoeste;1;26742;96,25 %
tag:stardog:api:raquel_francisca_de_castro_neto_carneiro;1;26743;96,25 %
tag:stardog:api:queiroz_filho;1;26744;96,26 %
tag:stardog:api:baobas_genealogicos;1;26745;96,26 %
tag:stardog:api:sao_sebastiao_do_cipoal;1;26746;96,26 %
tag:stardog:api:chico_mendes;1;26747;96,27 %
tag:stardog:api:alejandra_valdes;1;26748;96,27 %
tag:stardog:api:altair_alves_lucio;1;26749;96,27 %
tag:stardog:api:blackcox;1;26750;96,28 %
tag:stardog:api:rubem_cesar_fernandes;1;26751;96,28 %
tag:stardog:api:kodama;1;26752;96,29 %
tag:stardog:api:construidas_como;1;26753;96,29 %
tag:stardog:api:bartolomeu_de_souza_e_silva;1;26754;96,29 %
tag:stardog:api:tommy_j_curry;1;26755;96,30 %
tag:stardog:api:visconde_do_cruzeiro;1;26756;96,30 %
tag:stardog:api:sata;1;26757;96,30 %
tag:stardog:api:ana_luiza_reis_de_sa;1;26758;96,31 %
tag:stardog:api:suketu_mehta;1;26759;96,31 %
tag:stardog:api:dr_rossano_silva;1;26760;96,31 %
tag:stardog:api:payaya;1;26761;96,32 %
tag:stardog:api:pretinha;1;26762;96,32 %
tag:stardog:api:evaldo_miranda_coiado;1;26763;96,33 %
tag:stardog:api:sophia_jahns;1;26764;96,33 %
tag:stardog:api:renata_peixoto_de_oliveira;1;26765;96,33 %
tag:stardog:api:recalque;1;26766;96,34 %
tag:stardog:api:pormenorize;1;26767;96,34 %
tag:stardog:api:mouffe;1;26768;96,34 %
tag:stardog:api:karai_kuatia;1;26769;96,35 %
tag:stardog:api:alain_coulon;1;26770;96,35 %
tag:stardog:api:neide_almeida;1;26771;96,35 %
tag:stardog:api:cenografia;1;26772;96,36 %
tag:stardog:api:pai_walter;1;26773;96,36 %
tag:stardog:api:hart;1;26774;96,36 %
tag:stardog:api:tambores_silenciosos_i_e;1;26775;96,37 %
tag:stardog:api:dantes;1;26776;96,37 %
tag:stardog:api:female_empowerment_black_identity;1;26777;96,38 %
tag:stardog:api:p_na;1;26778;96,38 %
tag:stardog:api:certeaus;1;26779;96,38 %
tag:stardog:api:novos_direitos;1;26780;96,39 %
tag:stardog:api:maira_azevedo;1;26781;96,39 %
tag:stardog:api:polifonias_marginais;1;26782;96,39 %
tag:stardog:api:joana_maria_pedro;1;26783;96,40 %
tag:stardog:api:ma_rufina_da_conceicao;1;26784;96,40 %
tag:stardog:api:haegui;1;26785;96,40 %
tag:stardog:api:rupa_gosvamin;1;26786;96,41 %
tag:stardog:api:larissa_de_oliveira_neves_catalao;1;26787;96,41 %
tag:stardog:api:rushdie;1;26788;96,42 %
tag:stardog:api:jeanclaude_abric;1;26789;96,42 %
tag:stardog:api:lagoinha_de_cima;1;26790;96,42 %
tag:stardog:api:gell;1;26791;96,43 %
tag:stardog:api:angelas_davis;1;26792;96,43 %
tag:stardog:api:p_rickter;1;26793;96,43 %
tag:stardog:api:yalorixas;1;26794;96,44 %
tag:stardog:api:civl_lawsuits;1;26795;96,44 %
tag:stardog:api:clifford;1;26796;96,44 %
tag:stardog:api:p_agardhii;1;26797;96,45 %
tag:stardog:api:deduzimos;1;26798;96,45 %
tag:stardog:api:transito_de_cativos_entre;1;26799;96,45 %
tag:stardog:api:cultivo;1;26800;96,46 %
tag:stardog:api:gurani;1;26801;96,46 %
tag:stardog:api:sambalele;1;26802;96,47 %
tag:stardog:api:da_matta;1;26803;96,47 %
tag:stardog:api:xucuru_kariri;1;26804;96,47 %
tag:stardog:api:registros_eclesiasticos;1;26805;96,48 %
tag:stardog:api:congregracao_crista;1;26806;96,48 %
tag:stardog:api:silvana_mabel_serrani;1;26807;96,48 %
tag:stardog:api:lclau;1;26808;96,49 %
tag:stardog:api:brejo_de_furado;1;26809;96,49 %
tag:stardog:api:yi;1;26810;96,49 %
tag:stardog:api:ludwig_wittgenstein;1;26811;96,50 %
tag:stardog:api:louis_buvelot;1;26812;96,50 %
tag:stardog:api:trichilia_clausseni;1;26813;96,51 %
tag:stardog:api:peter_singer_s;1;26814;96,51 %
tag:stardog:api:aggressions;1;26815;96,51 %
tag:stardog:api:guardias;1;26816;96,52 %
tag:stardog:api:margem_esquerda;1;26817;96,52 %
tag:stardog:api:analise_de_discurso_textualmente_orientada;1;26818;96,52 %
tag:stardog:api:morel;1;26819;96,53 %
tag:stardog:api:emile_durkheim;1;26820;96,53 %
tag:stardog:api:scharzschild;1;26821;96,53 %
tag:stardog:api:joseph_mill;1;26822;96,54 %
tag:stardog:api:antilhana;1;26823;96,54 %
tag:stardog:api:rolandra;1;26824;96,54 %
tag:stardog:api:aphis;1;26825;96,55 %
tag:stardog:api:paulo_scott;1;26826;96,55 %
tag:stardog:api:benedito_ribeiro;1;26827;96,56 %
tag:stardog:api:gerrtz;1;26828;96,56 %
tag:stardog:api:governana;1;26829;96,56 %
tag:stardog:api:johann_baptist_von_spix;1;26830;96,57 %
tag:stardog:api:sociedade_antiescravidao;1;26831;96,57 %
tag:stardog:api:vaeri_anheten_ndojojopoi;1;26832;96,57 %
tag:stardog:api:barnet;1;26833;96,58 %
tag:stardog:api:godelier;1;26834;96,58 %
tag:stardog:api:jurua_ojapo_ava;1;26835;96,58 %
tag:stardog:api:pra;1;26836;96,59 %
tag:stardog:api:oswald_ducrot;1;26837;96,59 %
tag:stardog:api:darnton;1;26838;96,60 %
tag:stardog:api:nigro;1;26839;96,60 %
tag:stardog:api:zora_neale_hurtson;1;26840;96,60 %
tag:stardog:api:raimundo;1;26841;96,61 %
tag:stardog:api:edison_luis_amaral_de_moura;1;26842;96,61 %
tag:stardog:api:singleton;1;26843;96,61 %
tag:stardog:api:chiryvy_rendyju;1;26844;96,62 %
tag:stardog:api:boiadas;1;26845;96,62 %
tag:stardog:api:coban;1;26846;96,62 %
tag:stardog:api:terreiros_umbanda;1;26847;96,63 %
tag:stardog:api:herbert_jose_de_souza;1;26848;96,63 %
tag:stardog:api:histria_da_educao;1;26849;96,63 %
tag:stardog:api:shaime;1;26850;96,64 %
tag:stardog:api:amauri_mendes;1;26851;96,64 %
tag:stardog:api:explanarei;1;26852;96,65 %
tag:stardog:api:persistencias;1;26853;96,65 %
tag:stardog:api:joana_henriques_gorjao;1;26854;96,65 %
tag:stardog:api:gaskell;1;26855;96,66 %
tag:stardog:api:paraibano;1;26856;96,66 %
tag:stardog:api:eglash;1;26857;96,66 %
tag:stardog:api:heleieth_saffiotis;1;26858;96,67 %
tag:stardog:api:abayomi;1;26859;96,67 %
tag:stardog:api:henry_louis_gates;1;26860;96,67 %
tag:stardog:api:anne_gold;1;26861;96,68 %
tag:stardog:api:flavio_cerqueira;1;26862;96,68 %
tag:stardog:api:roberto_cardoso_de_oliveiras;1;26863;96,69 %
tag:stardog:api:manoel_da_cunha;1;26864;96,69 %
tag:stardog:api:andrea_lorena_butto;1;26865;96,69 %
tag:stardog:api:neymar;1;26866;96,70 %
tag:stardog:api:festribal;1;26867;96,70 %
tag:stardog:api:innocencia;1;26868;96,70 %
tag:stardog:api:voltadas;1;26869;96,71 %
tag:stardog:api:laroque;1;26870;96,71 %
tag:stardog:api:rememoro;1;26871;96,71 %
tag:stardog:api:metamasius_hemipterus;1;26872;96,72 %
tag:stardog:api:f_noack;1;26873;96,72 %
tag:stardog:api:romildo;1;26874;96,72 %
tag:stardog:api:eu_te_amo_e_suas_estreias;1;26875;96,73 %
tag:stardog:api:mdrd;1;26876;96,73 %
tag:stardog:api:t_t;1;26877;96,74 %
tag:stardog:api:sir_lancelot;1;26878;96,74 %
tag:stardog:api:esterci;1;26879;96,74 %
tag:stardog:api:glo;1;26880;96,75 %
tag:stardog:api:de_cabula;1;26881;96,75 %
tag:stardog:api:jose_roberto_rocha;1;26882;96,75 %
tag:stardog:api:oprimido;1;26883;96,76 %
tag:stardog:api:henry_de_oliveira;1;26884;96,76 %
tag:stardog:api:paulo_vinicius_baptista_silva;1;26885;96,76 %
tag:stardog:api:xcr;1;26886;96,77 %
tag:stardog:api:quindiua;1;26887;96,77 %
tag:stardog:api:martimbarbero;1;26888;96,78 %
tag:stardog:api:rosario_e;1;26889;96,78 %
tag:stardog:api:manuel_quintin_lame;1;26890;96,78 %
tag:stardog:api:edivanda_mugrabi;1;26891;96,79 %
tag:stardog:api:irmandade_de_nossa_senhora_do_rosario_dos_pretos;1;26892;96,79 %
tag:stardog:api:ohechauka_avei_imbareteha_ha_mbaeichaitepa_ikatupyry;1;26893;96,79 %
tag:stardog:api:matias_barbosa;1;26894;96,80 %
tag:stardog:api:augustin_escolano_benito;1;26895;96,80 %
tag:stardog:api:lakatos;1;26896;96,80 %
tag:stardog:api:satan;1;26897;96,81 %
tag:stardog:api:tania_regina_de_luca;1;26898;96,81 %
tag:stardog:api:fouch;1;26899;96,81 %
tag:stardog:api:maria_clara_cassuli_matheus;1;26900;96,82 %
tag:stardog:api:artistico;1;26901;96,82 %
tag:stardog:api:regina_machado;1;26902;96,83 %
tag:stardog:api:shakur;1;26903;96,83 %
tag:stardog:api:suzana_lopes_salgado_ribeiro;1;26904;96,83 %
tag:stardog:api:rebeca_sobral_freire;1;26905;96,84 %
tag:stardog:api:bardine;1;26906;96,84 %
tag:stardog:api:metodologia_afrodescendente_de_pesquisa_e;1;26907;96,84 %
tag:stardog:api:tig;1;26908;96,85 %
tag:stardog:api:shuar_tayunts;1;26909;96,85 %
tag:stardog:api:ilea_ferraz;1;26910;96,85 %
tag:stardog:api:paulo_francis;1;26911;96,86 %
tag:stardog:api:nicolau_teixeira;1;26912;96,86 %
tag:stardog:api:fabiana_marine;1;26913;96,87 %
tag:stardog:api:maxakalis;1;26914;96,87 %
tag:stardog:api:anne_cleyane;1;26915;96,87 %
tag:stardog:api:caiado;1;26916;96,88 %
tag:stardog:api:norman_fairchlough;1;26917;96,88 %
tag:stardog:api:numa_dinamica_continua;1;26918;96,88 %
tag:stardog:api:andreia_gilberti;1;26919;96,89 %
tag:stardog:api:mariana_luiza;1;26920;96,89 %
tag:stardog:api:brow;1;26921;96,89 %
tag:stardog:api:firmina;1;26922;96,90 %
tag:stardog:api:jean_louis_dubroca;1;26923;96,90 %
tag:stardog:api:sztutman;1;26924;96,90 %
tag:stardog:api:timidness;1;26925;96,91 %
tag:stardog:api:diogenes;1;26926;96,91 %
tag:stardog:api:dr_jose_roberto_cortelli;1;26927;96,92 %
tag:stardog:api:blake;1;26928;96,92 %
tag:stardog:api:saint_comunity;1;26929;96,92 %
tag:stardog:api:jacq;1;26930;96,93 %
tag:stardog:api:gimeno_sacritan;1;26931;96,93 %
tag:stardog:api:xylan;1;26932;96,93 %
tag:stardog:api:presidenta_dilma_roussef;1;26933;96,94 %
tag:stardog:api:bt;1;26934;96,94 %
tag:stardog:api:dcn_erer;1;26935;96,94 %
tag:stardog:api:hoornaert;1;26936;96,95 %
tag:stardog:api:cobrava;1;26937;96,95 %
tag:stardog:api:tomas_de_mattos;1;26938;96,96 %
tag:stardog:api:rp38ic9512;1;26939;96,96 %
tag:stardog:api:bigot;1;26940;96,96 %
tag:stardog:api:geostatistical;1;26941;96,97 %
tag:stardog:api:louis_favreau;1;26942;96,97 %
tag:stardog:api:julieta_paredes;1;26943;96,97 %
tag:stardog:api:guerreio_ramos;1;26944;96,98 %
tag:stardog:api:gpea;1;26945;96,98 %
tag:stardog:api:meryl_adelman;1;26946;96,98 %
tag:stardog:api:besouro_de_manganga;1;26947;96,99 %
tag:stardog:api:andreia_galvao;1;26948;96,99 %
tag:stardog:api:raymundo_souza_dantas;1;26949;96,99 %
tag:stardog:api:generalized_heun_functions;1;26950;97,00 %
tag:stardog:api:zenu_da_colombia;1;26951;97,00 %
tag:stardog:api:quevedo;1;26952;97,01 %
tag:stardog:api:sergio_ferreti;1;26953;97,01 %
tag:stardog:api:simon_schama;1;26954;97,01 %
tag:stardog:api:pollack;1;26955;97,02 %
tag:stardog:api:ramo_iv_e_vi;1;26956;97,02 %
tag:stardog:api:paradidactics_book;1;26957;97,02 %
tag:stardog:api:ezilda_barreto;1;26958;97,03 %
tag:stardog:api:feirense;1;26959;97,03 %
tag:stardog:api:ivan_santo_barbosa;1;26960;97,03 %
tag:stardog:api:boff;1;26961;97,04 %
tag:stardog:api:aurelio_gallepini;1;26962;97,04 %
tag:stardog:api:mirian_aquino;1;26963;97,05 %
tag:stardog:api:romero;1;26964;97,05 %
tag:stardog:api:cst;1;26965;97,05 %
tag:stardog:api:odebrecht;1;26966;97,06 %
tag:stardog:api:joao_vargas;1;26967;97,06 %
tag:stardog:api:pompilio_jose_da_silva;1;26968;97,06 %
tag:stardog:api:bohnsack;1;26969;97,07 %
tag:stardog:api:schwenter;1;26970;97,07 %
tag:stardog:api:dis06;1;26971;97,07 %
tag:stardog:api:possamai;1;26972;97,08 %
tag:stardog:api:theodor_adornos;1;26973;97,08 %
tag:stardog:api:antonio_augusto_arantes_neto;1;26974;97,08 %
tag:stardog:api:gonzalez_rey;1;26975;97,09 %
tag:stardog:api:meszaros;1;26976;97,09 %
tag:stardog:api:vitelogenese;1;26977;97,10 %
tag:stardog:api:daniel_sorur_pharim_deng;1;26978;97,10 %
tag:stardog:api:louis_althusser;1;26979;97,10 %
tag:stardog:api:visconde_de_riobranco;1;26980;97,11 %
tag:stardog:api:winona_stevenson;1;26981;97,11 %
tag:stardog:api:oswaldo_hulse;1;26982;97,11 %
tag:stardog:api:pires_da_gama;1;26983;97,12 %
tag:stardog:api:tania_zittoun;1;26984;97,12 %
tag:stardog:api:vitor_hugo;1;26985;97,12 %
tag:stardog:api:ronda_crioula;1;26986;97,13 %
tag:stardog:api:populacoes_rurais;1;26987;97,13 %
tag:stardog:api:elton_medeiros;1;26988;97,14 %
tag:stardog:api:graziela_rodrigues;1;26989;97,14 %
tag:stardog:api:espacializadas;1;26990;97,14 %
tag:stardog:api:ammy_gutmann;1;26991;97,15 %
tag:stardog:api:virginia_borja;1;26992;97,15 %
tag:stardog:api:maps;1;26993;97,15 %
tag:stardog:api:frei_gaspar_da_madre_de_deus;1;26994;97,16 %
tag:stardog:api:rincon_sapiencia;1;26995;97,16 %
tag:stardog:api:lei_aurea;1;26996;97,16 %
tag:stardog:api:carlos_cachaca;1;26997;97,17 %
tag:stardog:api:maciel;1;26998;97,17 %
tag:stardog:api:identi;1;26999;97,17 %
tag:stardog:api:milena_fernandes_de_oliveira;1;27000;97,18 %
tag:stardog:api:miguel_ferreira_pestana;1;27001;97,18 %
tag:stardog:api:victorino_grave;1;27002;97,19 %
tag:stardog:api:aza_njeri;1;27003;97,19 %
tag:stardog:api:blackscholes;1;27004;97,19 %
tag:stardog:api:casa_de_detencao;1;27005;97,20 %
tag:stardog:api:terese_marie_mailhot;1;27006;97,20 %
tag:stardog:api:contrarreforma;1;27007;97,20 %
tag:stardog:api:acao_integralista_brasileira;1;27008;97,21 %
tag:stardog:api:estaduais_de_educacao_superior;1;27009;97,21 %
tag:stardog:api:neusa_maria_mendes_gusmao;1;27010;97,21 %
tag:stardog:api:sd08;1;27011;97,22 %
tag:stardog:api:asylo_succursal_de_alienados_de_sorocaba;1;27012;97,22 %
tag:stardog:api:poemas_escritos;1;27013;97,23 %
tag:stardog:api:hopkinson;1;27014;97,23 %
tag:stardog:api:ana_lucia_mendes_lopes;1;27015;97,23 %
tag:stardog:api:feliciano_galdino_de_barros;1;27016;97,24 %
tag:stardog:api:shanenawa;1;27017;97,24 %
tag:stardog:api:mametu;1;27018;97,24 %
tag:stardog:api:elizabeth_hordgefreeman;1;27019;97,25 %
tag:stardog:api:machada_de_assis;1;27020;97,25 %
tag:stardog:api:james_scott;1;27021;97,25 %
tag:stardog:api:ouricuri_wassu;1;27022;97,26 %
tag:stardog:api:lei_n_1063903;1;27023;97,26 %
tag:stardog:api:telhas;1;27024;97,26 %
tag:stardog:api:dona_lu;1;27025;97,27 %
tag:stardog:api:joutjout_prazer;1;27026;97,27 %
tag:stardog:api:gaviao_parkateje;1;27027;97,28 %
tag:stardog:api:equacoes_de_estimacoes_generalizadas;1;27028;97,28 %
tag:stardog:api:walter_benjamins;1;27029;97,28 %
tag:stardog:api:pe_ava_arandu_rupive_umi_purahei;1;27030;97,29 %
tag:stardog:api:que_razoes;1;27031;97,29 %
tag:stardog:api:elisabete_monteiro_de_aguiar_pereira;1;27032;97,29 %
tag:stardog:api:thomas_luckmann;1;27033;97,30 %
tag:stardog:api:refaco;1;27034;97,30 %
tag:stardog:api:nataly_nery;1;27035;97,30 %
tag:stardog:api:literary;1;27036;97,31 %
tag:stardog:api:lgbtfobias;1;27037;97,31 %
tag:stardog:api:euripedes_funes;1;27038;97,32 %
tag:stardog:api:balkandali;1;27039;97,32 %
tag:stardog:api:gabriel_joaquim_dos_santos;1;27040;97,32 %
tag:stardog:api:mackey;1;27041;97,33 %
tag:stardog:api:tuxi;1;27042;97,33 %
tag:stardog:api:mariano_roque_alonso;1;27043;97,33 %
tag:stardog:api:diachlorus_bivittatus_wiedemann;1;27044;97,34 %
tag:stardog:api:cruzados;1;27045;97,34 %
tag:stardog:api:fleck;1;27046;97,34 %
tag:stardog:api:brito;1;27047;97,35 %
tag:stardog:api:gammaproteobacterias;1;27048;97,35 %
tag:stardog:api:patrick_chamoiseau;1;27049;97,35 %
tag:stardog:api:antonio_candido_de_mello_e_souza;1;27050;97,36 %
tag:stardog:api:d_joo_vi;1;27051;97,36 %
tag:stardog:api:mein_kampf;1;27052;97,37 %
tag:stardog:api:brau;1;27053;97,37 %
tag:stardog:api:wilson_lins;1;27054;97,37 %
tag:stardog:api:edward_w_said;1;27055;97,38 %
tag:stardog:api:orun_aiye;1;27056;97,38 %
tag:stardog:api:tekoa_ytu;1;27057;97,38 %
tag:stardog:api:jacques_durand;1;27058;97,39 %
tag:stardog:api:gyp;1;27059;97,39 %
tag:stardog:api:armando_silva;1;27060;97,39 %
tag:stardog:api:luiz_edson_fachin;1;27061;97,40 %
tag:stardog:api:peirce;1;27062;97,40 %
tag:stardog:api:suzy_m_lagazzirodrigues;1;27063;97,40 %
tag:stardog:api:benedictine;1;27064;97,41 %
tag:stardog:api:gilberto_freyres;1;27065;97,41 %
tag:stardog:api:george_perry_floyd_jr;1;27066;97,42 %
tag:stardog:api:ramo_vi;1;27067;97,42 %
tag:stardog:api:kwame_ture;1;27068;97,42 %
tag:stardog:api:sergio_bianchi;1;27069;97,43 %
tag:stardog:api:ndive;1;27070;97,43 %
tag:stardog:api:amelia_regina_nogueira;1;27071;97,43 %
tag:stardog:api:rene_jose_trentin_silveira;1;27072;97,44 %
tag:stardog:api:crisanto;1;27073;97,44 %
tag:stardog:api:jean_marc_fontan;1;27074;97,44 %
tag:stardog:api:sergio_o_nadalin;1;27075;97,45 %
tag:stardog:api:semiolinguistics;1;27076;97,45 %
tag:stardog:api:sociedade_xakriaba;1;27077;97,46 %
tag:stardog:api:isabele_barbosa_da_silva;1;27078;97,46 %
tag:stardog:api:jacir_de_souza;1;27079;97,46 %
tag:stardog:api:expecatations;1;27080;97,47 %
tag:stardog:api:fernando_ferreira_costa;1;27081;97,47 %
tag:stardog:api:rabelo;1;27082;97,47 %
tag:stardog:api:guanaes;1;27083;97,48 %
tag:stardog:api:lenita_correia_camargo;1;27084;97,48 %
tag:stardog:api:musa_acuminata__aaa;1;27085;97,48 %
tag:stardog:api:lucia_da_silva;1;27086;97,49 %
tag:stardog:api:desdemona;1;27087;97,49 %
tag:stardog:api:paula_maria_da_conceicao;1;27088;97,49 %
tag:stardog:api:dops;1;27089;97,50 %
tag:stardog:api:silvia_lane;1;27090;97,50 %
tag:stardog:api:maria_de_lourdes_siqueira;1;27091;97,51 %
tag:stardog:api:calixto;1;27092;97,51 %
tag:stardog:api:kamala_khan;1;27093;97,51 %
tag:stardog:api:iberic;1;27094;97,52 %
tag:stardog:api:manoel_alves_pequeno;1;27095;97,52 %
tag:stardog:api:sandra_jacqueline_stoll;1;27096;97,52 %
tag:stardog:api:teo;1;27097;97,53 %
tag:stardog:api:emcapp;1;27098;97,53 %
tag:stardog:api:menegassi;1;27099;97,53 %
tag:stardog:api:moacyr_scliar;1;27100;97,54 %
tag:stardog:api:crisanto_neranda;1;27101;97,54 %
tag:stardog:api:sociologia_negra;1;27102;97,55 %
tag:stardog:api:leon_festinger;1;27103;97,55 %
tag:stardog:api:promotor_de_justica_substituo;1;27104;97,55 %
tag:stardog:api:mary_del_piore;1;27105;97,56 %
tag:stardog:api:guillermo_batalla;1;27106;97,56 %
tag:stardog:api:joseli_mendonca;1;27107;97,56 %
tag:stardog:api:kaaguy_hete_regua;1;27108;97,57 %
tag:stardog:api:kuzapdtekwa;1;27109;97,57 %
tag:stardog:api:alexandre_da_maia;1;27110;97,57 %
tag:stardog:api:analises_de_contagem_de_ovos_de_ngis_nas_fezes;1;27111;97,58 %
tag:stardog:api:severino;1;27112;97,58 %
tag:stardog:api:porto_esperidiao;1;27113;97,58 %
tag:stardog:api:voce_lembra;1;27114;97,59 %
tag:stardog:api:fmas;1;27115;97,59 %
tag:stardog:api:savia_gavazza_dos_santos;1;27116;97,60 %
tag:stardog:api:kary_falcao;1;27117;97,60 %
tag:stardog:api:oyama_cesar_ituassu;1;27118;97,60 %
tag:stardog:api:marcal_aquino;1;27119;97,61 %
tag:stardog:api:octavie_coudreau;1;27120;97,61 %
tag:stardog:api:jaccard;1;27121;97,61 %
tag:stardog:api:pamelozza;1;27122;97,62 %
tag:stardog:api:irmandade_dos_pretos;1;27123;97,62 %
tag:stardog:api:demartini;1;27124;97,62 %
tag:stardog:api:filhos_de_gandhy;1;27125;97,63 %
tag:stardog:api:a_imi_ng;1;27126;97,63 %
tag:stardog:api:interprete;1;27127;97,64 %
tag:stardog:api:affectivity;1;27128;97,64 %
tag:stardog:api:barrozo;1;27129;97,64 %
tag:stardog:api:suia_missu;1;27130;97,65 %
tag:stardog:api:maria_jose_das_dores_silva;1;27131;97,65 %
tag:stardog:api:nectrama;1;27132;97,65 %
tag:stardog:api:protagoniza;1;27133;97,66 %
tag:stardog:api:preciosa;1;27134;97,66 %
tag:stardog:api:john_daniel;1;27135;97,66 %
tag:stardog:api:paul_d;1;27136;97,67 %
tag:stardog:api:christiane_taubira;1;27137;97,67 %
tag:stardog:api:glaucia;1;27138;97,67 %
tag:stardog:api:alexandre_ferreira;1;27139;97,68 %
tag:stardog:api:euclides;1;27140;97,68 %
tag:stardog:api:t_dependendo;1;27141;97,69 %
tag:stardog:api:alain_caille;1;27142;97,69 %
tag:stardog:api:obteno;1;27143;97,69 %
tag:stardog:api:nestor_g_canclini;1;27144;97,70 %
tag:stardog:api:quechers;1;27145;97,70 %
tag:stardog:api:indianer;1;27146;97,70 %
tag:stardog:api:beauford_delaney;1;27147;97,71 %
tag:stardog:api:henry_louis_gates_jr;1;27148;97,71 %
tag:stardog:api:gruta;1;27149;97,71 %
tag:stardog:api:lylia_guedes;1;27150;97,72 %
tag:stardog:api:sergio_eduardo_montes_castanho;1;27151;97,72 %
tag:stardog:api:determinantes_sociais_da_saude;1;27152;97,73 %
tag:stardog:api:the_eloy_chaves_law;1;27153;97,73 %
tag:stardog:api:mirian_de_albuquerque;1;27154;97,73 %
tag:stardog:api:imaculada_conceicao;1;27155;97,74 %
tag:stardog:api:bisol;1;27156;97,74 %
tag:stardog:api:nasako_zansi;1;27157;97,74 %
tag:stardog:api:netto;1;27158;97,75 %
tag:stardog:api:maria_regina_celestino_de_almeida;1;27159;97,75 %
tag:stardog:api:francisco_viveiros_de_castro;1;27160;97,75 %
tag:stardog:api:deu;1;27161;97,76 %
tag:stardog:api:af_robrazilian;1;27162;97,76 %
tag:stardog:api:aibo_ama_re_tsimanharidzara_mono_dze;1;27163;97,76 %
tag:stardog:api:vicente_baldino;1;27164;97,77 %
tag:stardog:api:casa_de_cultura_da_mulher_negra;1;27165;97,77 %
tag:stardog:api:weibull;1;27166;97,78 %
tag:stardog:api:duarte_jr;1;27167;97,78 %
tag:stardog:api:sebastiao_carvalho_e_melo;1;27168;97,78 %
tag:stardog:api:gochnatia_oligocephala;1;27169;97,79 %
tag:stardog:api:multietnico_de_direito;1;27170;97,79 %
tag:stardog:api:toury;1;27171;97,79 %
tag:stardog:api:ta98;1;27172;97,80 %
tag:stardog:api:poco_dantasumari;1;27173;97,80 %
tag:stardog:api:antonio_dimas;1;27174;97,80 %
tag:stardog:api:diga_nao;1;27175;97,81 %
tag:stardog:api:filosofia_das_diferencas;1;27176;97,81 %
tag:stardog:api:goes_e_florentino;1;27177;97,82 %
tag:stardog:api:essa_tese;1;27178;97,82 %
tag:stardog:api:ana_silvia_volpi_scott;1;27179;97,82 %
tag:stardog:api:beatriz_goncalves;1;27180;97,83 %
tag:stardog:api:maria_de_fatima_morethy_couto;1;27181;97,83 %
tag:stardog:api:para_si_e_suas_familias;1;27182;97,83 %
tag:stardog:api:nkisi;1;27183;97,84 %
tag:stardog:api:diogo_de_melo;1;27184;97,84 %
tag:stardog:api:grupoterapia;1;27185;97,84 %
tag:stardog:api:paulo_emilio_vanzolini;1;27186;97,85 %
tag:stardog:api:monica;1;27187;97,85 %
tag:stardog:api:efetuo;1;27188;97,85 %
tag:stardog:api:da_cruz_e_sousa;1;27189;97,86 %
tag:stardog:api:ramo_v;1;27190;97,86 %
tag:stardog:api:ivor_goodson;1;27191;97,87 %
tag:stardog:api:benth;1;27192;97,87 %
tag:stardog:api:nilldinha_odara;1;27193;97,87 %
tag:stardog:api:harpham;1;27194;97,88 %
tag:stardog:api:cara;1;27195;97,88 %
tag:stardog:api:fundamental_pedro_maximo_de_lima;1;27196;97,88 %
tag:stardog:api:tamara;1;27197;97,89 %
tag:stardog:api:petraglia;1;27198;97,89 %
tag:stardog:api:patriarchy;1;27199;97,89 %
tag:stardog:api:seculo_xix;1;27200;97,90 %
tag:stardog:api:farias_junior;1;27201;97,90 %
tag:stardog:api:dn_joseph_maria_cabrer;1;27202;97,91 %
tag:stardog:api:joe_wright;1;27203;97,91 %
tag:stardog:api:dos_objetos;1;27204;97,91 %
tag:stardog:api:churchs;1;27205;97,92 %
tag:stardog:api:mcgehee;1;27206;97,92 %
tag:stardog:api:ariano_suassuna;1;27207;97,92 %
tag:stardog:api:a_van_dijk;1;27208;97,93 %
tag:stardog:api:m_anisopliae;1;27209;97,93 %
tag:stardog:api:siman;1;27210;97,93 %
tag:stardog:api:lucio_cardoso;1;27211;97,94 %
tag:stardog:api:gorete_neto;1;27212;97,94 %
tag:stardog:api:mel_adum;1;27213;97,94 %
tag:stardog:api:c_gattii_vgii_matalfa;1;27214;97,95 %
tag:stardog:api:kiusam_de_oliveiras;1;27215;97,95 %
tag:stardog:api:estudo_revelou_que;1;27216;97,96 %
tag:stardog:api:payaya_do_sertao_das_jacobinas;1;27217;97,96 %
tag:stardog:api:francisco_de_bucareli;1;27218;97,96 %
tag:stardog:api:denotaram;1;27219;97,97 %
tag:stardog:api:ellen_oleria;1;27220;97,97 %
tag:stardog:api:b_jararaca;1;27221;97,97 %
tag:stardog:api:gauthier_et_al;1;27222;97,98 %
tag:stardog:api:nancy;1;27223;97,98 %
tag:stardog:api:aryon_rodrigues;1;27224;97,98 %
tag:stardog:api:luziane_ferreira_de_mendonca;1;27225;97,99 %
tag:stardog:api:marcia_nascimento;1;27226;97,99 %
tag:stardog:api:muro_pequeno;1;27227;98,00 %
tag:stardog:api:quilombola_de_giral_grande;1;27228;98,00 %
tag:stardog:api:ana_paula_barros_brandao;1;27229;98,00 %
tag:stardog:api:laura_janaina_dias_amato;1;27230;98,01 %
tag:stardog:api:socioambientalismo;1;27231;98,01 %
tag:stardog:api:frei_lourenco_de_alcantara;1;27232;98,01 %
tag:stardog:api:carl_schmitt;1;27233;98,02 %
tag:stardog:api:lenita_waldige_mendes_nogueira;1;27234;98,02 %
tag:stardog:api:isaias;1;27235;98,02 %
tag:stardog:api:curt_lange;1;27236;98,03 %
tag:stardog:api:jetimana;1;27237;98,03 %
tag:stardog:api:boraginaceae;1;27238;98,03 %
tag:stardog:api:geraldo_alckmin;1;27239;98,04 %
tag:stardog:api:acacia_negra;1;27240;98,04 %
tag:stardog:api:memorias_autobiograficas_de_passegi;1;27241;98,05 %
tag:stardog:api:kuitechina_oba;1;27242;98,05 %
tag:stardog:api:z;1;27243;98,05 %
tag:stardog:api:coronel_xavier_chaves;1;27244;98,06 %
tag:stardog:api:j_gimeno_sacristan;1;27245;98,06 %
tag:stardog:api:ash;1;27246;98,06 %
tag:stardog:api:paullinia_cupana_var;1;27247;98,07 %
tag:stardog:api:martin_buber;1;27248;98,07 %
tag:stardog:api:jesus_de_mateus;1;27249;98,07 %
tag:stardog:api:eduardo_paes;1;27250;98,08 %
tag:stardog:api:pierre_levy;1;27251;98,08 %
tag:stardog:api:belluzzo;1;27252;98,09 %
tag:stardog:api:diario_da_amazonia;1;27253;98,09 %
tag:stardog:api:parapsilosis;1;27254;98,09 %
tag:stardog:api:marta_cezaria_de_oliveira;1;27255;98,10 %
tag:stardog:api:ayar;1;27256;98,10 %
tag:stardog:api:ibid;1;27257;98,10 %
tag:stardog:api:don_juan;1;27258;98,11 %
tag:stardog:api:sivilizar_huckleberry;1;27259;98,11 %
tag:stardog:api:goytacazes;1;27260;98,11 %
tag:stardog:api:noble;1;27261;98,12 %
tag:stardog:api:fantz_fanon;1;27262;98,12 %
tag:stardog:api:borges_filho;1;27263;98,12 %
tag:stardog:api:tupac_shakur;1;27264;98,13 %
tag:stardog:api:joao_camilo_penna;1;27265;98,13 %
tag:stardog:api:salish_lee_maracle;1;27266;98,14 %
tag:stardog:api:rohayhu_che_nee;1;27267;98,14 %
tag:stardog:api:trioka;1;27268;98,14 %
tag:stardog:api:georg_simmel;1;27269;98,15 %
tag:stardog:api:piabina_argentea;1;27270;98,15 %
tag:stardog:api:peito;1;27271;98,15 %
tag:stardog:api:rosto;1;27272;98,16 %
tag:stardog:api:_se;1;27273;98,16 %
tag:stardog:api:ojehai_ma_akue;1;27274;98,16 %
tag:stardog:api:ze_bruno;1;27275;98,17 %
tag:stardog:api:alu;1;27276;98,17 %
tag:stardog:api:meinerz;1;27277;98,18 %
tag:stardog:api:nabuconeana;1;27278;98,18 %
tag:stardog:api:cenci;1;27279;98,18 %
tag:stardog:api:magali_do_nascimento_cunha;1;27280;98,19 %
tag:stardog:api:joaquim_barbosa;1;27281;98,19 %
tag:stardog:api:monge_belo;1;27282;98,19 %
tag:stardog:api:estipulada;1;27283;98,20 %
tag:stardog:api:armstrong;1;27284;98,20 %
tag:stardog:api:agar;1;27285;98,20 %
tag:stardog:api:ep_thompson;1;27286;98,21 %
tag:stardog:api:alterao;1;27287;98,21 %
tag:stardog:api:barao_de_melgaco;1;27288;98,21 %
tag:stardog:api:payback;1;27289;98,22 %
tag:stardog:api:caiabi;1;27290;98,22 %
tag:stardog:api:praat;1;27291;98,23 %
tag:stardog:api:stendhal;1;27292;98,23 %
tag:stardog:api:bacillus_flexus;1;27293;98,23 %
tag:stardog:api:cavelleiro;1;27294;98,24 %
tag:stardog:api:xuxa_meneghel;1;27295;98,24 %
tag:stardog:api:waldir_ferreira_de_abreu;1;27296;98,24 %
tag:stardog:api:subsidiada;1;27297;98,25 %
tag:stardog:api:validao;1;27298;98,25 %
tag:stardog:api:mediadas;1;27299;98,25 %
tag:stardog:api:suplementacao_concentrada_padrao;1;27300;98,26 %
tag:stardog:api:izabel_nascimento;1;27301;98,26 %
tag:stardog:api:usto;1;27302;98,27 %
tag:stardog:api:luso;1;27303;98,27 %
tag:stardog:api:hector_h_bruit_cabrera;1;27304;98,27 %
tag:stardog:api:toumani_kouyate;1;27305;98,28 %
tag:stardog:api:carlos_skliar;1;27306;98,28 %
tag:stardog:api:arez;1;27307;98,28 %
tag:stardog:api:ambue_kuatia_nhee;1;27308;98,29 %
tag:stardog:api:foi_assumido_pela_camara_camara_municipal;1;27309;98,29 %
tag:stardog:api:teotonio;1;27310;98,29 %
tag:stardog:api:zones;1;27311;98,30 %
tag:stardog:api:mello_moraes_filho;1;27312;98,30 %
tag:stardog:api:fatima;1;27313;98,30 %
tag:stardog:api:clarice_nunes;1;27314;98,31 %
tag:stardog:api:ee_caetano_de_campos;1;27315;98,31 %
tag:stardog:api:g1p8;1;27316;98,32 %
tag:stardog:api:pousio;1;27317;98,32 %
tag:stardog:api:neide_fiori;1;27318;98,32 %
tag:stardog:api:centro_lexterm;1;27319;98,33 %
tag:stardog:api:impulso;1;27320;98,33 %
tag:stardog:api:ornelas;1;27321;98,33 %
tag:stardog:api:joao_pereira_gomes;1;27322;98,34 %
tag:stardog:api:tomaz_da_silva;1;27323;98,34 %
tag:stardog:api:virginia_bicudo;1;27324;98,34 %
tag:stardog:api:richard_sennett;1;27325;98,35 %
tag:stardog:api:nikolai_leskov;1;27326;98,35 %
tag:stardog:api:adriano_vaz_serra_selfconcept;1;27327;98,36 %
tag:stardog:api:resignificado;1;27328;98,36 %
tag:stardog:api:j_acuminatissima;1;27329;98,36 %
tag:stardog:api:baoba_raizes;1;27330;98,37 %
tag:stardog:api:coscarelli;1;27331;98,37 %
tag:stardog:api:anny_katielle_laurindo_araujo;1;27332;98,37 %
tag:stardog:api:a_t_io_n_o;1;27333;98,38 %
tag:stardog:api:jew;1;27334;98,38 %
tag:stardog:api:ensaiar;1;27335;98,38 %
tag:stardog:api:uma_historia_de_quilombolas;1;27336;98,39 %
tag:stardog:api:semia4108;1;27337;98,39 %
tag:stardog:api:sindomestico;1;27338;98,39 %
tag:stardog:api:corpura;1;27339;98,40 %
tag:stardog:api:hatse;1;27340;98,40 %
tag:stardog:api:meia_curta;1;27341;98,41 %
tag:stardog:api:determinada_gramatica_da_libertacao;1;27342;98,41 %
tag:stardog:api:coletivo_ana_montenegro;1;27343;98,41 %
tag:stardog:api:i_laurina;1;27344;98,42 %
tag:stardog:api:pureza_emilia_da_silva;1;27345;98,42 %
tag:stardog:api:merce_de_deus;1;27346;98,42 %
tag:stardog:api:bochb4;1;27347;98,43 %
tag:stardog:api:gil_filho;1;27348;98,43 %
tag:stardog:api:manuel_tranquilino_bastos;1;27349;98,43 %
tag:stardog:api:analyses_multidimensionnelles;1;27350;98,44 %
tag:stardog:api:casa_de_apoio;1;27351;98,44 %
tag:stardog:api:dr_roberto;1;27352;98,45 %
tag:stardog:api:joselandia;1;27353;98,45 %
tag:stardog:api:dr1;1;27354;98,45 %
tag:stardog:api:luiz_marcuschi;1;27355;98,46 %
tag:stardog:api:rita_de_assis_cesar;1;27356;98,46 %
tag:stardog:api:pecari;1;27357;98,46 %
tag:stardog:api:apresentarsea;1;27358;98,47 %
tag:stardog:api:tikly;1;27359;98,47 %
tag:stardog:api:baniwa_luciano;1;27360;98,47 %
tag:stardog:api:patricio_arias;1;27361;98,48 %
tag:stardog:api:mammies;1;27362;98,48 %
tag:stardog:api:periporphyrus;1;27363;98,48 %
tag:stardog:api:manifestandose;1;27364;98,49 %
tag:stardog:api:michael_saward;1;27365;98,49 %
tag:stardog:api:ojeexauka_ava_nhembo;1;27366;98,50 %
tag:stardog:api:the_maracatu_patrocinio;1;27367;98,50 %
tag:stardog:api:multiterritorialization;1;27368;98,50 %
tag:stardog:api:kalman;1;27369;98,51 %
tag:stardog:api:pics;1;27370;98,51 %
tag:stardog:api:lilia_momple;1;27371;98,51 %
tag:stardog:api:farmcia;1;27372;98,52 %
tag:stardog:api:noctivago;1;27373;98,52 %
tag:stardog:api:jo_de_sousa;1;27374;98,52 %
tag:stardog:api:dr_hector_guerra_hernandez;1;27375;98,53 %
tag:stardog:api:fernando_cristovao;1;27376;98,53 %
tag:stardog:api:nichols;1;27377;98,54 %
tag:stardog:api:barao_de_beberibe;1;27378;98,54 %
tag:stardog:api:oiko_arandu_ete;1;27379;98,54 %
tag:stardog:api:d_ambrosio;1;27380;98,55 %
tag:stardog:api:marilu_oliveira;1;27381;98,55 %
tag:stardog:api:salih;1;27382;98,55 %
tag:stardog:api:p0;1;27383;98,56 %
tag:stardog:api:formacao_puga;1;27384;98,56 %
tag:stardog:api:carlos_roberto_antunes_dos_santos;1;27385;98,56 %
tag:stardog:api:mua_mimatxi;1;27386;98,57 %
tag:stardog:api:adelman;1;27387;98,57 %
tag:stardog:api:gabi_oliveiradepretas;1;27388;98,57 %
tag:stardog:api:ensino_medias;1;27389;98,58 %
tag:stardog:api:martin_dobrizhoffer_sj;1;27390;98,58 %
tag:stardog:api:inflows;1;27391;98,59 %
tag:stardog:api:jose_f_graziano_da_silva;1;27392;98,59 %
tag:stardog:api:leucospidae;1;27393;98,59 %
tag:stardog:api:silvia_helena_f_passarelli;1;27394;98,60 %
tag:stardog:api:cesarino_junior;1;27395;98,60 %
tag:stardog:api:christiano_jr;1;27396;98,60 %
tag:stardog:api:kiriris;1;27397;98,61 %
tag:stardog:api:immanuel_wallerstein;1;27398;98,61 %
tag:stardog:api:maria_alice_dos_santos;1;27399;98,61 %
tag:stardog:api:diamantino;1;27400;98,62 %
tag:stardog:api:hebe_mattos;1;27401;98,62 %
tag:stardog:api:dom_osorio_stofell;1;27402;98,63 %
tag:stardog:api:dona_lica_pataxoop;1;27403;98,63 %
tag:stardog:api:kuri_oikoteveha;1;27404;98,63 %
tag:stardog:api:grupalidade;1;27405;98,64 %
tag:stardog:api:botome;1;27406;98,64 %
tag:stardog:api:skinner;1;27407;98,64 %
tag:stardog:api:magda_soares;1;27408;98,65 %
tag:stardog:api:gregory_rabassa;1;27409;98,65 %
tag:stardog:api:yem7885ja_omi_olodo;1;27410;98,65 %
tag:stardog:api:la_troisieme_republique;1;27411;98,66 %
tag:stardog:api:mandela_struggle;1;27412;98,66 %
tag:stardog:api:sabrina_moehlecke;1;27413;98,66 %
tag:stardog:api:sertao_da_fazenda;1;27414;98,67 %
tag:stardog:api:atencao;1;27415;98,67 %
tag:stardog:api:schizodon_nasutus;1;27416;98,68 %
tag:stardog:api:elizabeth_grosz;1;27417;98,68 %
tag:stardog:api:camillo_torrend;1;27418;98,68 %
tag:stardog:api:torus_mandibular;1;27419;98,69 %
tag:stardog:api:leahydios;1;27420;98,69 %
tag:stardog:api:mauricio_urstein;1;27421;98,69 %
tag:stardog:api:cearas;1;27422;98,70 %
tag:stardog:api:marlene_cunha_e;1;27423;98,70 %
tag:stardog:api:tricomicose;1;27424;98,70 %
tag:stardog:api:okanagan_jeannette_armstrong;1;27425;98,71 %
tag:stardog:api:curriculos_lattes;1;27426;98,71 %
tag:stardog:api:tertulia;1;27427;98,72 %
tag:stardog:api:a_sabedoria_dos_terreiros;1;27428;98,72 %
tag:stardog:api:samuel_fritz;1;27429;98,72 %
tag:stardog:api:felton;1;27430;98,73 %
tag:stardog:api:pai_contra_mae;1;27431;98,73 %
tag:stardog:api:dr_bernardo_guadalupe_dos_santos_lins_brandao;1;27432;98,73 %
tag:stardog:api:marcia_maria_strazzacappa_hernandez;1;27433;98,74 %
tag:stardog:api:kruskal;1;27434;98,74 %
tag:stardog:api:samuel_kirkland;1;27435;98,74 %
tag:stardog:api:josimar;1;27436;98,75 %
tag:stardog:api:fred_moten;1;27437;98,75 %
tag:stardog:api:da_aprovacao;1;27438;98,75 %
tag:stardog:api:gregory_bateson;1;27439;98,76 %
tag:stardog:api:upile_chisala;1;27440;98,76 %
tag:stardog:api:dipolo_positivo;1;27441;98,77 %
tag:stardog:api:pretos_velhos;1;27442;98,77 %
tag:stardog:api:sampieri;1;27443;98,77 %
tag:stardog:api:cory_t_de_carvalho;1;27444;98,78 %
tag:stardog:api:mary_louse_pratt;1;27445;98,78 %
tag:stardog:api:fontanella;1;27446;98,78 %
tag:stardog:api:alaide_p_mammana;1;27447;98,79 %
tag:stardog:api:kabenguele;1;27448;98,79 %
tag:stardog:api:situouse;1;27449;98,79 %
tag:stardog:api:composicao_de_cada_peca;1;27450;98,80 %
tag:stardog:api:campanhola;1;27451;98,80 %
tag:stardog:api:casa_de_luiza;1;27452;98,81 %
tag:stardog:api:vereza;1;27453;98,81 %
tag:stardog:api:charlot;1;27454;98,81 %
tag:stardog:api:candida_tropicalis;1;27455;98,82 %
tag:stardog:api:miguel_de_artiguaye;1;27456;98,82 %
tag:stardog:api:gnosiologico;1;27457;98,82 %
tag:stardog:api:dr_josafa_moreira_da_cunha;1;27458;98,83 %
tag:stardog:api:ascendina_dos_santos;1;27459;98,83 %
tag:stardog:api:simonal;1;27460;98,83 %
tag:stardog:api:s_coronata;1;27461;98,84 %
tag:stardog:api:wright_mills;1;27462;98,84 %
tag:stardog:api:didi;1;27463;98,84 %
tag:stardog:api:ramo_i;1;27464;98,85 %
tag:stardog:api:xicao_xukuru;1;27465;98,85 %
tag:stardog:api:christina_toren;1;27466;98,86 %
tag:stardog:api:humberto_cunha_filho;1;27467;98,86 %
tag:stardog:api:hernando_alvardo_tezozomoc;1;27468;98,86 %
tag:stardog:api:rui_moreira;1;27469;98,87 %
tag:stardog:api:orien;1;27470;98,87 %
tag:stardog:api:italo_calvino;1;27471;98,87 %
tag:stardog:api:bitita;1;27472;98,88 %
tag:stardog:api:deegan;1;27473;98,88 %
tag:stardog:api:grundrisse;1;27474;98,88 %
tag:stardog:api:ernest_renan;1;27475;98,89 %
tag:stardog:api:anerima;1;27476;98,89 %
tag:stardog:api:cassandra_rios;1;27477;98,90 %
tag:stardog:api:ataulfo_alves;1;27478;98,90 %
tag:stardog:api:intenso_fluxo_de_escravos;1;27479;98,90 %
tag:stardog:api:belchior_pontes;1;27480;98,91 %
tag:stardog:api:guayumi_potyguara;1;27481;98,91 %
tag:stardog:api:sonia_maria_de_freitas;1;27482;98,91 %
tag:stardog:api:renan;1;27483;98,92 %
tag:stardog:api:d7_avenasterol;1;27484;98,92 %
tag:stardog:api:zuboff_de_capitalismo_de_vigilancia;1;27485;98,92 %
tag:stardog:api:furtado_da_cunha;1;27486;98,93 %
tag:stardog:api:tulio_franco;1;27487;98,93 %
tag:stardog:api:alb_smolka;1;27488;98,93 %
tag:stardog:api:mario_rodrigues_filho;1;27489;98,94 %
tag:stardog:api:seligmannsilva;1;27490;98,94 %
tag:stardog:api:butt;1;27491;98,95 %
tag:stardog:api:speech;1;27492;98,95 %
tag:stardog:api:onemohenoi_upe_pyanemongueta_jehai_rehegua;1;27493;98,95 %
tag:stardog:api:michael_dorris;1;27494;98,96 %
tag:stardog:api:clecia_queiroz;1;27495;98,96 %
tag:stardog:api:neli_goes_ribeiro;1;27496;98,96 %
tag:stardog:api:zaparoli;1;27497;98,97 %
tag:stardog:api:jose_de_nazareth;1;27498;98,97 %
tag:stardog:api:messick;1;27499;98,97 %
tag:stardog:api:prope;1;27500;98,98 %
tag:stardog:api:nande_reko;1;27501;98,98 %
tag:stardog:api:agrary;1;27502;98,99 %
tag:stardog:api:mauesense;1;27503;98,99 %
tag:stardog:api:hemiodus_gracilis;1;27504;98,99 %
tag:stardog:api:tv_liberal;1;27505;99,00 %
tag:stardog:api:trouche;1;27506;99,00 %
tag:stardog:api:strong_black_woman;1;27507;99,00 %
tag:stardog:api:helio_vianna;1;27508;99,01 %
tag:stardog:api:merilee_grindle_john_w_thomas;1;27509;99,01 %
tag:stardog:api:pope;1;27510;99,01 %
tag:stardog:api:recuero;1;27511;99,02 %
tag:stardog:api:pierre_nora_e_memoria_esquecimento;1;27512;99,02 %
tag:stardog:api:ingerssol;1;27513;99,02 %
tag:stardog:api:xerem;1;27514;99,03 %
tag:stardog:api:euclidiana;1;27515;99,03 %
tag:stardog:api:ewka;1;27516;99,04 %
tag:stardog:api:objetivouse;1;27517;99,04 %
tag:stardog:api:foi_respaldado_pelo;1;27518;99,04 %
tag:stardog:api:cerno;1;27519;99,05 %
tag:stardog:api:appadurai;1;27520;99,05 %
tag:stardog:api:alcide_cartaxo;1;27521;99,05 %
tag:stardog:api:linn_da_quebradas_song;1;27522;99,06 %
tag:stardog:api:faust;1;27523;99,06 %
tag:stardog:api:vandana_shiva;1;27524;99,06 %
tag:stardog:api:donisete;1;27525;99,07 %
tag:stardog:api:dalva_maria_de_souza_ferreira;1;27526;99,07 %
tag:stardog:api:promotor_de_justica_substituto;1;27527;99,08 %
tag:stardog:api:sentimentos_afetivos;1;27528;99,08 %
tag:stardog:api:soraia_andre;1;27529;99,08 %
tag:stardog:api:richard_van_camp;1;27530;99,09 %
tag:stardog:api:cesare_lombroso;1;27531;99,09 %
tag:stardog:api:renato_cohen;1;27532;99,09 %
tag:stardog:api:karl_von_martius;1;27533;99,10 %
tag:stardog:api:ludovico_vicenzo_mamiani_della_rovere;1;27534;99,10 %
tag:stardog:api:andre_de_souza_melo;1;27535;99,10 %
tag:stardog:api:d_adesky;1;27536;99,11 %
tag:stardog:api:regiane_ribeiro;1;27537;99,11 %
tag:stardog:api:maurice_merleauponty;1;27538;99,11 %
tag:stardog:api:mandingas_da_ilha_quilomba;1;27539;99,12 %
tag:stardog:api:guarea_guidonia;1;27540;99,12 %
tag:stardog:api:zenite;1;27541;99,13 %
tag:stardog:api:phas;1;27542;99,13 %
tag:stardog:api:h_sucuuba;1;27543;99,13 %
tag:stardog:api:sertao_da;1;27544;99,14 %
tag:stardog:api:wong;1;27545;99,14 %
tag:stardog:api:tar;1;27546;99,14 %
tag:stardog:api:garca;1;27547;99,15 %
tag:stardog:api:tauk_santos;1;27548;99,15 %
tag:stardog:api:c_pydanieli;1;27549;99,15 %
tag:stardog:api:proreitoria;1;27550;99,16 %
tag:stardog:api:meat_texture;1;27551;99,16 %
tag:stardog:api:di_pierro;1;27552;99,16 %
tag:stardog:api:simonte;1;27553;99,17 %
tag:stardog:api:slushball_earth;1;27554;99,17 %
tag:stardog:api:quilombo_barranco_de_so_benedito;1;27555;99,18 %
tag:stardog:api:ana_claudia_urban;1;27556;99,18 %
tag:stardog:api:nina_rizzi;1;27557;99,18 %
tag:stardog:api:lucy_maud_montgomery;1;27558;99,19 %
tag:stardog:api:indio_rjfunai;1;27559;99,19 %
tag:stardog:api:perscrutando;1;27560;99,19 %
tag:stardog:api:paiter_suru;1;27561;99,20 %
tag:stardog:api:bandeira;1;27562;99,20 %
tag:stardog:api:renata_pallottini;1;27563;99,20 %
tag:stardog:api:tepoztlan;1;27564;99,21 %
tag:stardog:api:populacoes_indigenas;1;27565;99,21 %
tag:stardog:api:enrique_dussels_ethics;1;27566;99,22 %
tag:stardog:api:julhia_santos;1;27567;99,22 %
tag:stardog:api:roy_ascott;1;27568;99,22 %
tag:stardog:api:maria_luiza_pereira_scher;1;27569;99,23 %
tag:stardog:api:iiguez;1;27570;99,23 %
tag:stardog:api:psychologys;1;27571;99,23 %
tag:stardog:api:yousif_elsaigh;1;27572;99,24 %
tag:stardog:api:batalha;1;27573;99,24 %
tag:stardog:api:procopia_dos;1;27574;99,24 %
tag:stardog:api:teologia_negra;1;27575;99,25 %
tag:stardog:api:norminha_duval;1;27576;99,25 %
tag:stardog:api:celso_magalhaes;1;27577;99,25 %
tag:stardog:api:george_orwell;1;27578;99,26 %
tag:stardog:api:angela_couto_machado_fonseca;1;27579;99,26 %
tag:stardog:api:luigi_pareyson;1;27580;99,27 %
tag:stardog:api:megabiodiverse;1;27581;99,27 %
tag:stardog:api:p_ap_e_r_p;1;27582;99,27 %
tag:stardog:api:cartas;1;27583;99,28 %
tag:stardog:api:ii_visconde_de_araruama;1;27584;99,28 %
tag:stardog:api:wolf;1;27585;99,28 %
tag:stardog:api:hermeneutica_pluricentrica;1;27586;99,29 %
tag:stardog:api:nfezes;1;27587;99,29 %
tag:stardog:api:lei_das_diretrizes_e_bases_da_educacao_nacional__ldb;1;27588;99,29 %
tag:stardog:api:caca_carvalho;1;27589;99,30 %
tag:stardog:api:antonio_bispo;1;27590;99,30 %
tag:stardog:api:homi_k_bahbha;1;27591;99,31 %
tag:stardog:api:isoluminol;1;27592;99,31 %
tag:stardog:api:a_woglumi;1;27593;99,31 %
tag:stardog:api:bourdieus;1;27594;99,32 %
tag:stardog:api:misterio_da_ilha;1;27595;99,32 %
tag:stardog:api:laura_de_souza;1;27596;99,32 %
tag:stardog:api:patrimonio_historico;1;27597;99,33 %
tag:stardog:api:lucia_ozana_zolin;1;27598;99,33 %
tag:stardog:api:zelia_amador_de_deus;1;27599;99,33 %
tag:stardog:api:zora_hurston;1;27600;99,34 %
tag:stardog:api:hyola;1;27601;99,34 %
tag:stardog:api:ynestra_king;1;27602;99,34 %
tag:stardog:api:salman_bushdie;1;27603;99,35 %
tag:stardog:api:kaben_djuoi;1;27604;99,35 %
tag:stardog:api:selma_borghi_venco;1;27605;99,36 %
tag:stardog:api:fiorenza;1;27606;99,36 %
tag:stardog:api:mestre_badu;1;27607;99,36 %
tag:stardog:api:phaseoli;1;27608;99,37 %
tag:stardog:api:meirelles;1;27609;99,37 %
tag:stardog:api:le_breton;1;27610;99,37 %
tag:stardog:api:stalloni;1;27611;99,38 %
tag:stardog:api:jacy_alves;1;27612;99,38 %
tag:stardog:api:julio_moracen_naranjo;1;27613;99,38 %
tag:stardog:api:paul_gerdes;1;27614;99,39 %
tag:stardog:api:rita_l_irwin;1;27615;99,39 %
tag:stardog:api:daniel_augusto_bartholomeu_de_oliveira;1;27616;99,40 %
tag:stardog:api:hr218;1;27617;99,40 %
tag:stardog:api:dra_cloris;1;27618;99,40 %
tag:stardog:api:p00037;1;27619;99,41 %
tag:stardog:api:foley;1;27620;99,41 %
tag:stardog:api:carola;1;27621;99,41 %
tag:stardog:api:paternalista;1;27622;99,42 %
tag:stardog:api:de_duas_destacadas_organizacoes;1;27623;99,42 %
tag:stardog:api:jean_rouch;1;27624;99,42 %
tag:stardog:api:disturbio;1;27625;99,43 %
tag:stardog:api:berohoky;1;27626;99,43 %
tag:stardog:api:jose_batista;1;27627;99,43 %
tag:stardog:api:tentehar;1;27628;99,44 %
tag:stardog:api:rgbf;1;27629;99,44 %
tag:stardog:api:nossa_senhora_da_saude;1;27630;99,45 %
tag:stardog:api:joseph_de_anchieta;1;27631;99,45 %
tag:stardog:api:andre_antonio_maggi;1;27632;99,45 %
tag:stardog:api:quadros;1;27633;99,46 %
tag:stardog:api:elida_lauris;1;27634;99,46 %
tag:stardog:api:aldisio_filgueiras;1;27635;99,46 %
tag:stardog:api:milton_valente;1;27636;99,47 %
tag:stardog:api:ramo_ii;1;27637;99,47 %
tag:stardog:api:lalu;1;27638;99,47 %
tag:stardog:api:antonin_artaud;1;27639;99,48 %
tag:stardog:api:rodolfo_ilari;1;27640;99,48 %
tag:stardog:api:fundacoes_gilberto_freyre;1;27641;99,49 %
tag:stardog:api:siciliano;1;27642;99,49 %
tag:stardog:api:tatsumi_hijikatas;1;27643;99,49 %
tag:stardog:api:rogers;1;27644;99,50 %
tag:stardog:api:lucilia_delgado;1;27645;99,50 %
tag:stardog:api:cultivando_agua_boa;1;27646;99,50 %
tag:stardog:api:eunice_dias_de_paula;1;27647;99,51 %
tag:stardog:api:kmo;1;27648;99,51 %
tag:stardog:api:berber_sardinha;1;27649;99,51 %
tag:stardog:api:hisales;1;27650;99,52 %
tag:stardog:api:momo;1;27651;99,52 %
tag:stardog:api:futuro;1;27652;99,52 %
tag:stardog:api:abe;1;27653;99,53 %
tag:stardog:api:francisco_de_vitoria;1;27654;99,53 %
tag:stardog:api:a_j_greimas;1;27655;99,54 %
tag:stardog:api:luiza;1;27656;99,54 %
tag:stardog:api:de_relacoes_de_trabalho_diversas;1;27657;99,54 %
tag:stardog:api:teresa_conceicao_de_arruda;1;27658;99,55 %
tag:stardog:api:wilmar_dangelis;1;27659;99,55 %
tag:stardog:api:hilda_schutzer;1;27660;99,55 %
tag:stardog:api:ildasio_tavares;1;27661;99,56 %
tag:stardog:api:marku_ribas;1;27662;99,56 %
tag:stardog:api:plasmodium_falciparum;1;27663;99,56 %
tag:stardog:api:feres_junior;1;27664;99,57 %
tag:stardog:api:northup;1;27665;99,57 %
tag:stardog:api:deforma;1;27666;99,58 %
tag:stardog:api:referendouse;1;27667;99,58 %
tag:stardog:api:rouxel;1;27668;99,58 %
tag:stardog:api:lovelock;1;27669;99,59 %
tag:stardog:api:incidencia_da_lesbofobia;1;27670;99,59 %
tag:stardog:api:calquilico;1;27671;99,59 %
tag:stardog:api:zarite_sedella;1;27672;99,60 %
tag:stardog:api:natanny_santos;1;27673;99,60 %
tag:stardog:api:dubois;1;27674;99,60 %
tag:stardog:api:inzo_tumbansi;1;27675;99,61 %
tag:stardog:api:nova_romago;1;27676;99,61 %
tag:stardog:api:fordyce;1;27677;99,61 %
tag:stardog:api:van_hear;1;27678;99,62 %
tag:stardog:api:fernanda;1;27679;99,62 %
tag:stardog:api:severo_dacelino;1;27680;99,63 %
tag:stardog:api:marabaixos;1;27681;99,63 %
tag:stardog:api:vigesimal_numeration;1;27682;99,63 %
tag:stardog:api:janzen;1;27683;99,64 %
tag:stardog:api:getino;1;27684;99,64 %
tag:stardog:api:nei_clara_de_lima;1;27685;99,64 %
tag:stardog:api:alberts;1;27686;99,65 %
tag:stardog:api:constituintes;1;27687;99,65 %
tag:stardog:api:la_nina;1;27688;99,65 %
tag:stardog:api:mestre_joao_bosco_alves_da_silva;1;27689;99,66 %
tag:stardog:api:rosi_kariri;1;27690;99,66 %
tag:stardog:api:carneiro2005;1;27691;99,67 %
tag:stardog:api:jennyfer_nascimento;1;27692;99,67 %
tag:stardog:api:eem;1;27693;99,67 %
tag:stardog:api:ines_teixeira;1;27694;99,68 %
tag:stardog:api:villa_hayes;1;27695;99,68 %
tag:stardog:api:antonio_lancetti;1;27696;99,68 %
tag:stardog:api:villar;1;27697;99,69 %
tag:stardog:api:dr_francisco_de_assis_mendonca;1;27698;99,69 %
tag:stardog:api:aprofundaremos;1;27699;99,69 %
tag:stardog:api:nelson_mendes_cantarino;1;27700;99,70 %
tag:stardog:api:clementino_camara;1;27701;99,70 %
tag:stardog:api:afrodiasporich_myths;1;27702;99,70 %
tag:stardog:api:jose_triana;1;27703;99,71 %
tag:stardog:api:wetherell;1;27704;99,71 %
tag:stardog:api:aegui_oiko;1;27705;99,72 %
tag:stardog:api:lscorridors;1;27706;99,72 %
tag:stardog:api:maria_h_machado;1;27707;99,72 %
tag:stardog:api:aihwa_ong;1;27708;99,73 %
tag:stardog:api:hugo_de_carvalho_ramos;1;27709;99,73 %
tag:stardog:api:the_almanak_laemmert;1;27710;99,73 %
tag:stardog:api:novas_formulas_socioeconomicas;1;27711;99,74 %
tag:stardog:api:fabio_mura;1;27712;99,74 %
tag:stardog:api:ensaio;1;27713;99,74 %
tag:stardog:api:roswitha_scholz;1;27714;99,75 %
tag:stardog:api:bibilographic;1;27715;99,75 %
tag:stardog:api:edgar_teodoro_cunha;1;27716;99,76 %
tag:stardog:api:decolonialism;1;27717;99,76 %
tag:stardog:api:srq14;1;27718;99,76 %
tag:stardog:api:vo_elvira;1;27719;99,77 %
tag:stardog:api:loureiros_rs;1;27720;99,77 %
tag:stardog:api:carvalhos;1;27721;99,77 %
tag:stardog:api:anansi;1;27722;99,78 %
tag:stardog:api:jose_albino_pimentel_elementary_and;1;27723;99,78 %
tag:stardog:api:manoel_da_motta_monteiro_lopes;1;27724;99,78 %
tag:stardog:api:vania;1;27725;99,79 %
tag:stardog:api:glaucio_campos_gomes_de_matos;1;27726;99,79 %
tag:stardog:api:terezinha_machado_maher;1;27727;99,79 %
tag:stardog:api:hrstem;1;27728;99,80 %
tag:stardog:api:noke_ko;1;27729;99,80 %
tag:stardog:api:missy;1;27730;99,81 %
tag:stardog:api:aracruz_cellulose;1;27731;99,81 %
tag:stardog:api:abglt;1;27732;99,81 %
tag:stardog:api:eclesiasticas_da_audiencia_de_santa_fe;1;27733;99,82 %
tag:stardog:api:hacat;1;27734;99,82 %
tag:stardog:api:jose_rubens_siqueira;1;27735;99,82 %
tag:stardog:api:s3s1;1;27736;99,83 %
tag:stardog:api:raimundo_mattos_leao;1;27737;99,83 %
tag:stardog:api:historia_concisa_da;1;27738;99,83 %
tag:stardog:api:constatouse;1;27739;99,84 %
tag:stardog:api:asilo_de_orfas_sao_benedito;1;27740;99,84 %
tag:stardog:api:acoes_civeis_de_liberdade_levadas;1;27741;99,85 %
tag:stardog:api:esfera_publica;1;27742;99,85 %
tag:stardog:api:hermeneutica_diatopica_de_panikkar;1;27743;99,85 %
tag:stardog:api:m_minutiflora;1;27744;99,86 %
tag:stardog:api:alfonso_botelho8223s;1;27745;99,86 %
tag:stardog:api:afropessimista;1;27746;99,86 %
tag:stardog:api:jamu_minka;1;27747;99,87 %
tag:stardog:api:m_carmelo;1;27748;99,87 %
tag:stardog:api:dits;1;27749;99,87 %
tag:stardog:api:eduardo_valverde;1;27750;99,88 %
tag:stardog:api:eduardo_galvao;1;27751;99,88 %
tag:stardog:api:g12p6;1;27752;99,88 %
tag:stardog:api:professor_doutor_dimas_floriani;1;27753;99,89 %
tag:stardog:api:marcelo_el_kouri_buzato;1;27754;99,89 %
tag:stardog:api:feliciano_nahimy_filho;1;27755;99,90 %
tag:stardog:api:dandara_dos_palmares;1;27756;99,90 %
tag:stardog:api:analise_do_discurso_pecheutiana;1;27757;99,90 %
tag:stardog:api:das_feiras;1;27758;99,91 %
tag:stardog:api:opero;1;27759;99,91 %
tag:stardog:api:leodegaria_brazilia_de_jesus;1;27760;99,91 %
tag:stardog:api:fas;1;27761;99,92 %
tag:stardog:api:maria_da_vila_matilde;1;27762;99,92 %
tag:stardog:api:rhizome;1;27763;99,92 %
tag:stardog:api:justica_restaurativa;1;27764;99,93 %
tag:stardog:api:coriander_cv;1;27765;99,93 %
tag:stardog:api:hollie_mcnish;1;27766;99,94 %
tag:stardog:api:specvp;1;27767;99,94 %
tag:stardog:api:accrola;1;27768;99,94 %
tag:stardog:api:dom_manuel;1;27769;99,95 %
tag:stardog:api:juliano_moreira;1;27770;99,95 %
tag:stardog:api:novotny_e;1;27771;99,95 %
tag:stardog:api:pedros_brasileiros_da_silva;1;27772;99,96 %
tag:stardog:api:alsi;1;27773;99,96 %
tag:stardog:api:keila_sankofa;1;27774;99,96 %
tag:stardog:api:b_junceadiffered;1;27775;99,97 %
tag:stardog:api:maria_jose_duarte_osis;1;27776;99,97 %
tag:stardog:api:marinalva_bezerra_da_silva;1;27777;99,97 %
tag:stardog:api:francisco_ximenez;1;27778;99,98 %
tag:stardog:api:performaticos;1;27779;99,98 %
tag:stardog:api:chimmanda_adichie;1;27780;99,99 %
tag:stardog:api:upepe_voi_ojejapo_opa;1;27781;99,99 %
tag:stardog:api:provincias_vizinhas_perceberam_naquela;1;27782;99,99 %
tag:stardog:api:pepe;1;27783;100,00 %
tag:stardog:api:kaluzaklein;1;27784;100,00 %
